4.00000001e-15	6.302945748716805e-26	4.351707029680875e-12
4.73000011e-15	6.302945614818121e-25	4.385181901361303e-12
4.7599999e-15	6.302945614818122e-24	4.407498337424682e-12
4.91000012e-15	6.302945960723054e-23	4.546975920553448e-12
6.99000006e-15	7.551104552555234e-22	6.471769917429146e-12
9.89999996e-15	8.736777248382057e-21	9.149743617496096e-12
2.71999999e-14	1.0609016168266013e-19	2.5161794911850037e-11
1.27e-13	3.632001829948672e-18	1.1827716915866996e-10
6.93000019e-13	1.185672907833073e-16	6.415978632001786e-10
6.29500011e-12	6.08078550546753e-15	5.824592948002679e-9
1.58099991e-11	3.1003124302611025e-14	1.4628431042178087e-8
3.97200016e-11	1.517072015175184e-13	3.6749608457933496e-8
9.97599989e-11	7.182883240348137e-13	9.22785101539835e-8
2.50600013e-10	3.286319950903816e-12	2.318678910957376e-7
6.29399977e-10	1.4465520754295918e-11	5.824592479357286e-7
1.581e-9	6.08770373800491e-11	1.4628431488507032e-6
3.97200006e-9	2.44063831733988e-10	3.6755189243472444e-6
4.99999997e-9	3.281968243695604e-10	4.626757397902255e-6
9.97599958e-9	8.955255713010489e-10	9.233429602767239e-6
1.98999999e-8	2.3919883842892214e-9	0.000018422227181432718
3.97199997e-8	6.278062742691364e-9	0.00003676076869002455
7.9240003e-8	1.6250836532024102e-8	0.00007336532325373801
1.58099994e-7	4.16625735326936e-8	0.00014639588819459942
1.98999999e-7	5.453023833965633e-8	0.00018433386074536936
3.15499989e-7	1.0165922706985048e-7	0.00029217806962731534
4.99999999e-7	1.8903147176969427e-7	0.00046312206427136807
6.29400006e-7	2.5767685114929705e-7	0.0005830171702744923
7.92399987e-7	3.1427137022985945e-7	0.0007342111002008481
9.97599955e-7	4.2810757754965417e-7	0.000924458816112475
1.58099999e-6	7.937960432939077e-7	0.0014650748047310871
2.5060001e-6	1.4703190805623745e-6	0.002323142055344789
3.97199983e-6	2.7221601762999334e-6	0.003682771814327159
4.99999987e-6	3.533363099754519e-6	0.0046373577214907395
6.29399983e-6	4.806516235215354e-6	0.005835750937290783
7.92399987e-6	6.540169783530463e-6	0.007353269471100201
9.976e-6	8.892769939745593e-6	0.00925574675295693
0.00001256	0.000012094398348582906	0.011660343673287213
0.0000158099992	0.000015620397121178308	0.014678642936844455
0.0000199000006	0.00002124302644498996	0.018483597411292123
0.0000250600006	0.000028880830841330063	0.02327605434054899
0.0000315500001	0.00003712564126311091	0.02931265286766347
0.0000397199983	0.00005047980272260657	0.03691698437848694
0.0000499999987	0.0000686465036822138	0.046485161459495654
0.000062940002	0.00009329613847355502	0.058524884735550106
0.0000792400024	0.00012686900357063158	0.07375585817897791
0.00009976	0.00016207320464182103	0.09283642021870118
0.000110499997	0.00018047310421780854	0.10287881834411962
0.000125599996	0.00020531130997545192	0.1169381856728409
0.000158099996	0.0002791452756081232	0.14728854831510826
0.000199000002	0.0003629546942646731	0.18550547199285877
0.0002	0.00036505919508775833	0.18644270976935903
0.0004	0.0007146178099494209	0.37558590721542673
0.0006000000000000001	0.0008293173005659671	0.5632936625677113
0.0008	0.0009869752250655684	0.7513548914948517
0.001	0.0011584672046891652	0.9394569703106278
0.0012000000000000001	0.00134350691720687	1.1275944205994866
0.0014000000000000002	0.0015414900399696697	1.3157635326975317
0.0016	0.0017515825069837209	1.5039616833901241
0.0018000000000000002	0.0019729917893027845	1.6921870175726395
0.002	0.002204923046905589	1.880437661682529
0.0022	0.0024465808798961905	2.068711751865209
0.0024000000000000002	0.0026971689091373876	2.2570074242660962
0.0026000000000000003	0.002956203328122781	2.4453229466188517
0.0028000000000000004	0.003227332045864488	2.6336595109644105
0.003	0.0035076631414285896	2.822016067090198
0.0032	0.0037968529009926354	3.0103919276803244
0.0034000000000000002	0.00409455726965736	3.198786405418899
0.0036000000000000003	0.0044004318639725756	3.387198812990032
0.0038000000000000004	0.004713710255297941	3.575627763861692
0.004	0.005034125615018766	3.7640727007147188
0.0042	0.005361923648492003	3.952533916030621
0.0044	0.0056969238657825156	4.141010995790817
0.0046	0.006038945622324116	4.3295035259767225
0.0048	0.006387808122878591	4.518011092569754
0.005	0.006743060054949834	4.70653267551074
0.0052	0.007104822563186361	4.895068538449435
0.0054	0.007472994416882608	5.083618446558938
0.0056	0.00784745239288151	5.272182115916607
0.0058	0.008228073176093661	5.460759262599806
0.006	0.008614669515596545	5.649349465794075
0.0062	0.009007081343416616	5.83795236323946
0.0064	0.009405332337143052	6.026567986748692
0.0066	0.009809333382201506	6.215196126388548
0.0068	0.010218995302845266	6.403836572225815
0.007	0.01063422886314519	6.592489114327275
0.0072	0.01105486185208012	6.781153353731303
0.0074	0.011480881468307542	6.969829255086445
0.0076	0.011912241640573909	7.158516707237482
0.0078	0.012348873637703846	7.34721554746151
0.008	0.012790708685379891	7.535925613035626
0.0082	0.01323766081148725	7.724646706278278
0.008400000000000001	0.013689618503938527	7.913378577575388
0.008600000000000002	0.01414659160942726	8.10212122467881
0.0088	0.014608526897805157	8.290874516850991
0.009000000000000001	0.01507537110710161	8.479638323354385
0.009200000000000002	0.01554707094389163	8.668412513451432
0.0094	0.016023539747749237	8.857196882227012
0.009600000000000001	0.016504743618889137	9.045991342259198
0.009800000000000001	0.016990659861035724	9.23479583109265
0.01	0.017481245454198175	9.423610241096966
0.0102	0.01797188248525611	9.612413439105941
0.010400000000000001	0.018467317966312943	9.801226026986136
0.010600000000000002	0.018967516084386675	9.990047930732395
0.0108	0.0194724405042492	10.178879076339559
0.011000000000000001	0.019982054872517613	10.36771938980248
0.011200000000000002	0.020496322817796307	10.556568797115997
0.0114	0.02101520795081925	10.745427224274955
0.011600000000000001	0.021538673864592246	10.934294597274201
0.011800000000000001	0.022066684134535244	11.123170842108578
0.012	0.022599202318624712	11.312055884772931
0.0122	0.023136168411834957	11.500949616927903
0.012400000000000001	0.02367757536559079	11.68985200748609
0.012600000000000002	0.024223392575860748	11.878762991025887
0.0128	0.024773589424098828	12.06768250212569
0.013000000000000001	0.02532813527735029	12.256610475363894
0.013200000000000002	0.025886983971424977	12.445546816683185
0.0134	0.026450124238119384	12.634491496456594
0.013600000000000001	0.027017529283221292	12.823444456421445
0.013800000000000002	0.02758917230016576	13.012405638315059
0.014000000000000002	0.02816502647011762	13.201374983874759
0.0142	0.02874491301313523	13.390352410912788
0.014400000000000001	0.02932899500433685	13.579337891072818
0.014600000000000002	0.029917283588678723	13.76833137207344
0.0148	0.030509789909249192	13.957332801633243
0.015000000000000001	0.031106525107238745	14.14634212747082
0.015200000000000002	0.03170751205267075	14.33535926837831
0.0154	0.03231274721954612	14.52438420823237
0.015600000000000001	0.032922238810377244	14.713416901983205
0.0158	0.033535995025589994	14.902457304581022
0.016	0.03415402406350489	15.091505370976023
0.0162	0.03477643669733302	15.280561032989013
0.016399999999999998	0.03540311290974868	15.469624274481948
0.0166	0.03603403524128125	15.658695056187389
0.0168	0.03666918622470517	15.847773338837882
0.017	0.03730854838507632	16.036859083165993
0.0172	0.0379520945105405	16.225952236333654
0.0174	0.03859981927084673	16.41505277603669
0.0176	0.039251707601506765	16.60416066640032
0.0178	0.039907744431312696	16.793275871549742
0.018	0.04056791468236573	16.98239835561017
0.0182	0.04123219792533642	17.17152807077451
0.0184	0.04190058574901036	17.36066499608335
0.0186	0.04257306439248362	17.54980909864498
0.0188	0.04324962008882933	17.738960345567687
0.019	0.04393023906512164	17.928118703959754
0.0192	0.04461489892970404	18.117284130526155
0.0194	0.04530359666244537	18.30645660537932
0.0196	0.04599632062663422	18.49563609822836
0.019799999999999998	0.04669305918034819	18.684822578782395
0.02	0.04739380067647252	18.874016016750538
0.0202	0.04809853427213102	19.063216372520017
0.0204	0.04880724729785547	19.252423627452306
0.0206	0.04951992788889955	19.44163775358699
0.0208	0.05023656417554614	19.63085872296365
0.021	0.0509571442831249	19.820086507621888
0.0212	0.05168165086231896	20.009321071591977
0.0214	0.052410078864944615	20.19856239692513
0.0216	0.053142417769577545	20.387810457663267
0.0218	0.05387865705036215	20.577065227848294
0.022	0.054618786177026105	20.766326681522123
0.0222	0.055362791305129964	20.95559478552835
0.0224	0.05611066603226011	21.14486952290678
0.0226	0.05686240064282179	21.334150869498917
0.0228	0.057617985417177	21.52343880114625
0.023	0.058377410631656884	21.712733293690267
0.0232	0.05914066516854724	21.902034316539567
0.0234	0.05990774103334022	22.09134185357677
0.0236	0.060678628838105986	22.280655882251587
0.023799999999999998	0.06145331919113121	22.469976380013744
0.024	0.0622318026969302	22.65930332431296
0.0242	0.06301405632540207	22.848636686885527
0.0244	0.06380008771071209	23.037976452322948
0.0246	0.06458989085484595	23.22732259950329
0.0248	0.06538345975685894	23.416675107304627
0.025	0.06618078841288261	23.60603395460504
0.0252	0.0669818109653388	23.79539911470676
0.0254	0.06778659621260757	23.98477057345766
0.0256	0.06859515310866894	24.17414831112977
0.0258	0.06940749060767865	24.363532307995126
0.026	0.07022361766395918	24.552922544325753
0.0262	0.07104360856608946	24.742318993221836
0.0264	0.07186739060644289	24.93172164392022
0.0266	0.07269495640241651	25.12113047848591
0.0268	0.07352629856849316	25.310545478983908
0.027	0.07436140971624851	25.499966627479203
0.0272	0.07520027549118118	25.689393901967584
0.0274	0.07604289720231655	25.87882728960057
0.0276	0.07688926919386709	26.068266773460454
0.027800000000000002	0.07773938580757972	26.25771233662955
0.028	0.07859324138274092	26.447163962190146
0.0282	0.07945083025202349	26.63662162933805
0.0284	0.08031214675487479	26.826085326013693
0.0286	0.08117718522436458	27.015555036271
0.0288	0.08204593999119739	27.2050307441639
0.029	0.08291840538371738	27.39451243374632
0.0292	0.08379456864635895	27.58400008557581
0.0294	0.08467443295400179	27.773493688076773
0.0296	0.08555799439882836	27.962993226177232
0.0298	0.0864452490710782	28.15249868480521
0.03	0.0873361930590512	28.34201004888873
0.0302	0.08823082740407105	28.531527299970765
0.0304	0.08912914199715774	28.721050427210653
0.0306	0.09003113168186287	28.91057941638268
0.0308	0.09093679129964621	29.100114253261147
0.031	0.09184611568987935	29.289654923620326
0.0312	0.09275910094419591	29.479201410322904
0.031400000000000004	0.09367574032987527	29.668753702782684
0.0316	0.09459602836645863	29.85831178750185
0.0318	0.0955199595714123	30.047875650982597
0.032	0.09644752846013149	30.237445279727112
0.0322	0.0973787160738988	30.427020657629946
0.0324	0.09831353376288007	30.61660177445284
0.0326	0.09925197940512026	30.806188617349907
0.0328	0.10019405087726625	30.99578117347525
0.033	0.10113974605456826	31.185379429982962
0.0332	0.10208906779864711	31.374983371254398
0.0334	0.10304200774755884	31.564592987909602
0.0336	0.10399856252521615	31.754208267795867
0.033800000000000004	0.10495872875397023	31.943829198760497
0.034	0.10592250305461277	32.13345576865077
0.0342	0.10688989568268505	32.32308796292224
0.0344	0.10786088621146547	32.512725772411876
0.0346	0.1088354678473012	32.70236918556491
0.0348	0.10981363379443046	32.892018190826576
0.035	0.11079537725498656	33.0816727766421
0.0352	0.11178067029926722	33.27133292964407
0.0354	0.11276953253569318	33.46099864054351
0.0356	0.1137619624437469	33.65066989823881
0.0358	0.11475795850178025	33.840346691628376
0.036	0.11575751918701532	34.03002900961058
0.0362	0.11676064499720143	34.21971683884799
0.0364	0.11776733188031642	34.40941017103377
0.0366	0.11877757780472653	34.59910899562529
0.0368	0.1197913807376255	34.78881330207991
0.037	0.12080873864503587	34.97852307985496
0.037200000000000004	0.12182966908645611	35.16823831640229
0.0374	0.12285414553367596	35.35795900368613
0.0376	0.12388216104953836	35.54768513166523
0.0378	0.12491370869491551	35.73741669029833
0.038	0.12594878152871242	35.92715366954415
0.0382	0.12698734322177976	36.11689605801338
0.038400000000000004	0.12802942355947486	36.30664384734982
0.0386	0.1290750229429481	36.49639702784919
0.0388	0.13012414177267137	36.68615558980726
0.039	0.13117678044843772	36.87591952351975
0.0392	0.1322329465158951	37.06568881730152
0.0394	0.13329263144077755	37.25546346392443
0.0396	0.13435583383387403	37.445243454179455
0.0398	0.13542255230502875	37.63502877885755
0.04	0.13649278546314234	37.8248194287497
0.0402	0.13756654427698264	38.014615392985604
0.0404	0.13864381190340655	38.2044166644328
0.040600000000000004	0.1397245838576736	38.39422323429759
0.0408	0.14080885565361573	38.584035093786234
0.041	0.14189662280363974	38.77385223410502
0.0412	0.14298786330295424	38.96367464521251
0.0414	0.14408259455452635	39.15350231987463
0.0416	0.14518081644638367	39.34333524960962
0.041800000000000004	0.1462825288658851	39.53317342593571
0.042	0.1473877316997208	39.72301684037109
0.0422	0.1484964266291472	39.91286548286646
0.0424	0.14960861129555453	40.102719346899455
0.0426	0.1507242851347616	40.29257842438017
0.0428	0.15184344758187346	40.482442707218695
0.043000000000000003	0.15296609807128173	40.672312187325154
0.0432	0.1540922501547796	40.86218685519009
0.0434	0.15522188561865552	41.05206670449803
0.0436	0.1563550003649419	41.24195172751396
0.0438	0.15749159029440832	41.431841916502854
0.044	0.1586316513065633	41.62173726372971
0.0442	0.15977515682369395	41.81163776044878
0.0444	0.16092213083611437	42.00154340018845
0.0446	0.16207257485971577	42.191454175466404
0.0448	0.16322649041006296	42.3813700788003
0.045	0.16438387900239373	42.57129110270781
0.045200000000000004	0.16554474370280012	42.76121723827355
0.0454	0.16670908408695204	42.95114847980651
0.0456	0.1678769012812616	43.14108482018262
0.0458	0.16904819641177524	43.331026252277816
0.046	0.17022297060417335	43.520972768968036
0.0462	0.1714012525768893	43.71092436182078
0.046400000000000004	0.17258300896536322	43.90088102534752
0.0466	0.17376823399454147	44.090842752751314
0.0468	0.17495692188792467	44.2808095372352
0.047	0.17614906686756984	44.470781372002214
0.0472	0.17734460896477086	44.660758249603965
0.0474	0.17854361013156447	44.850740164057804
0.0476	0.17974607813573193	45.04072710872965
0.0478	0.18095202074577912	45.23071907698539
0.048	0.1821614457309343	45.420716062190934
0.0482	0.18337442093691533	45.61071805599493
0.0484	0.18459087904377394	45.800725053909865
0.048600000000000004	0.18581081280101516	45.99073704973098
0.0488	0.18703421495652023	46.1807540372535
0.049	0.18826107825654897	46.37077601027264
0.0492	0.18949133296594006	46.56080296217105
0.0494	0.19072504992316555	46.75083488725969
0.0496	0.19196223749266506	46.94087177943695
0.049800000000000004	0.19320290403971932	47.130913632601185
0.05	0.19444705793044784	47.320960440650786
0.0502	0.19569475609972867	47.51101219587091
0.0504	0.19694594620871286	47.70106889417645
0.0506	0.1982006244817048	47.891130529869095
0.0508	0.1994587871419768	48.081197097250524
0.051000000000000004	0.20072043041176993	48.27126859062241
0.0512	0.20198553270937636	48.461345003700295
0.0514	0.20325411250740108	48.651426331518536
0.0516	0.20452617047660612	48.84151256852535
0.0518	0.2058017072874262	49.03160370916897
0.052000000000000005	0.2070807236099685	49.221699747897596
0.0522	0.20836318834102865	49.41180067827085
0.0524	0.20964914186411637	49.60190649584769
0.0526	0.21093859279315494	49.79201719529851
0.0528	0.21223154974297725	49.98213277129366
0.053	0.21352802132932444	50.172253218503506
0.053200000000000004	0.21482807286052083	50.36237853017073
0.0534	0.21613164209327793	50.5525087027503
0.0536	0.21743872347043874	50.742643731269546
0.0538	0.21874931143360157	50.93278361075575
0.054	0.2200634004231218	51.1229283362362
0.0542	0.2213809076641061	51.31307790241915
0.054400000000000004	0.22270192410677228	51.50323230473072
0.0546	0.22402646349495037	51.69339153827796
0.0548	0.22535453957417798	51.883555598167916
0.055	0.22668616609169684	52.07372447950767
0.0552	0.22802147965696934	52.263898175723455
0.055400000000000005	0.22936034045309217	52.45407668402336
0.055600000000000004	0.23070273151147286	52.64425999993464
0.0558	0.23204863586058766	52.83444811898456
0.056	0.23339803652598484	53.02464103670038
0.0562	0.234750827010021	53.21483874917261
0.0564	0.23610710222683545	53.405041251224446
0.056600000000000004	0.23746686757750232	53.59524853824238
0.0568	0.2388301284635474	53.78546060561283
0.057	0.2401968902869478	53.97567744872228
0.0572	0.2415671245918411	54.16589906194831
0.0574	0.24294087910170464	54.35612544193845
0.0576	0.24431816768604805	54.546356584331384
0.057800000000000004	0.24569900421611549	54.736592484765794
0.058	0.24708340256488215	54.92683313888033
0.0582	0.24847142624059568	55.117078540781904
0.0584	0.2498630270809556	55.3073286880239
0.0586	0.25125820655343917	55.49758357662795
0.058800000000000005	0.25265696612541777	55.68784320261568
0.059000000000000004	0.25405930726415704	55.8781075620087
0.0592	0.25546512315963904	56.06837665020036
0.0594	0.2568745506183088	56.258650463997625
0.0596	0.25828761818146767	56.44892899957918
0.0598	0.2597043543943484	56.639212253123716
0.060000000000000005	0.2611247878061094	56.82950022080993
0.060200000000000004	0.2625493035920017	57.01979289644353
0.0604	0.26397748455437964	57.21009027916943
0.0606	0.2654092700821079	57.400392365759544
0.0608	0.2668445995547903	57.59069915298583
0.061	0.26828341234277875	57.78101063762019
0.061200000000000004	0.26972528227912246	57.97132681992906
0.0614	0.2711706056022349	58.161647692316265
0.0616	0.27261941305361637	58.35197325068012
0.0618	0.27407173537898505	58.54230349091895
0.062	0.27552760332827003	58.73263840893106
0.0622	0.2769870437503057	58.922977998141825
0.062400000000000004	0.27845009228471823	59.11332225754075
0.0626	0.27991678067059433	59.30367118364439
0.06280000000000001	0.2813871406513975	59.4940247729693
0.06300000000000001	0.2828612039749628	59.68438302203203
0.0632	0.2843390117404756	59.874745924929734
0.06340000000000001	0.28582058402128363	60.065113481203234
0.0636	0.2873059502411854	60.25548568797391
0.06380000000000001	0.2887951398280352	60.44586254236319
0.06400000000000002	0.29028818221373837	60.63624404149246
0.06420000000000001	0.29178577358940877	60.82663018031789
0.06440000000000001	0.2932871099936655	61.01702095866744
0.0646	0.2947920541513251	61.2074163742038
0.06480000000000001	0.29630046876693766	61.39781642458971
0.065	0.29781221652480194	61.588221107487854
0.06520000000000001	0.29932586435680847	61.7786304285986
0.06540000000000001	0.3008428944895993	61.969044375537614
0.0656	0.30236349353877306	62.15946294395818
0.06580000000000001	0.3038878481467578	62.34988612951365
0.066	0.3054161449827684	62.54031392785728
0.06620000000000001	0.3069496156019885	62.730746322980586
0.06640000000000001	0.3084871407189519	62.92118332511414
0.0666	0.3100286458210837	63.1116249328267
0.06680000000000001	0.31157405638484553	63.30207114468706
0.067	0.3131232978757388	63.49252195926395
0.06720000000000001	0.31467640215585374	63.682977379341516
0.06740000000000002	0.31623316166624216	63.873437398219316
0.06760000000000001	0.3177934752327502	64.06390201341226
0.06780000000000001	0.3193572416663625	64.25437122243531
0.068	0.3209243597632135	64.44484502280335
0.06820000000000001	0.322493270625669	64.63532341760924
0.0684	0.32406569502691474	64.8258063973955
0.06860000000000001	0.32564189620407546	65.0162939582826
0.06880000000000001	0.32722213743193046	65.206786096391
0.069	0.3288066820228622	65.3972828078411
0.06920000000000001	0.3303981827060937	65.58778407326575
0.0694	0.33199391629470676	65.77828990814493
0.06960000000000001	0.33359354876175806	65.96880031247102
0.06980000000000001	0.33519674603219557	66.15931528623636
0.07	0.33680317398285636	66.34983482943332
0.07020000000000001	0.33841037825526865	66.54035896087454
0.0704	0.3400206747310863	66.73088765702701
0.07060000000000001	0.34163425928459235	66.92142091317805
0.07080000000000002	0.34325132781785495	67.11195872461495
0.07100000000000001	0.34487207626068117	67.30250108662499
0.07120000000000001	0.3464969110916808	67.4930479830884
0.0714	0.34812576515736204	67.6835994235513
0.07160000000000001	0.3497587818310552	67.87415540615277
0.0718	0.3513961045064024	68.06471592903183
0.07200000000000001	0.3530378765973465	68.2552809903276
0.07220000000000001	0.35468538965333785	68.445850580118
0.0724	0.35633735205625267	68.63642470661846
0.07260000000000001	0.357993620201044	68.82700336998336
0.0728	0.35965405046212806	69.01758657036702
0.07300000000000001	0.36131849919338294	69.20817430792378
0.07320000000000002	0.36298658818418783	69.39876659058824
0.0734	0.36465846691288667	69.58936340878941
0.07360000000000001	0.3663340503179936	69.77996476073662
0.0738	0.36801325332571444	69.97057064463911
0.07400000000000001	0.36969599084995547	70.1611810587062
0.07420000000000002	0.3713810690321335	70.35179600549343
0.07440000000000001	0.373069788642849	70.54241547777723
0.07460000000000001	0.37476234179849327	70.73303947268033
0.0748	0.37645892064255077	70.92366798732546
0.07500000000000001	0.3781597173455717	71.11430101883535
0.0752	0.3798656296522272	71.30493855391701
0.07540000000000001	0.3815759678966747	71.49558060271278
0.07560000000000001	0.3832907479126957	71.68622716494929
0.0758	0.385009985536259	71.87687824035318
0.07600000000000001	0.3867336966055208	72.0675338286511
0.0762	0.38846230938592463	72.25819392871861
0.07640000000000001	0.3901953242142153	72.44885854134621
0.07660000000000002	0.39193265381055753	72.63952766647328
0.07680000000000001	0.39367421088267973	72.8302013040392
0.07700000000000001	0.39541990812587446	73.02087945398341
0.0772	0.3972815844678195	73.2115621207156
0.07740000000000001	0.3991192517239675	73.40224929858728
0.07760000000000002	0.40090483602484883	73.5929409864203
0.07780000000000001	0.40261025951861756	73.78363718303643
0.07800000000000001	0.4042074403725525	73.97433788725756
0.0782	0.40544943925655125	74.16504451944932
0.07840000000000001	0.40658171844773466	74.35575530150373
0.0786	0.4076309085518424	74.54646987685666
0.07880000000000001	0.4086236439752467	74.73718788894398
0.07900000000000001	0.409586562427047	74.92790898120154
0.0792	0.41059441678209413	75.11863142976314
0.07940000000000001	0.4116137107424552	75.30935658719224
0.0796	0.4126590595058447	75.50008443875016
0.07980000000000001	0.41374507950060135	75.69081496969834
0.08000000000000002	0.4148863883744364	75.8815481652981
0.08020000000000001	0.4161059375193589	76.07228328755791
0.08040000000000001	0.41740793103166707	76.26302122580529
0.0806	0.4188049071237055	76.45376214611487
0.08080000000000001	0.42030940551430884	76.64450621456123
0.08100000000000002	0.42193396753799256	76.83525359721901
0.08120000000000001	0.42384186857630785	77.02600386465559
0.08140000000000001	0.42585724516574325	77.21675792732961
0.0816	0.42795495644962406	77.40751610019241
0.08180000000000001	0.43010985886332803	77.59827869819544
0.082	0.43229680571885254	77.78904603629007
0.08220000000000001	0.4343899654842214	77.97981967158262
0.08240000000000001	0.43649002824722943	78.17059836633085
0.0826	0.4385970107091096	78.36138212494745
0.08280000000000001	0.44071092957430963	78.55217095184513
0.083	0.44283180155049545	78.74296485143653
0.08320000000000001	0.44495964512494907	78.93376382775918
0.08340000000000002	0.4470944747913957	79.12456788569473
0.08360000000000001	0.44923630682301124	79.31537702974965
0.08380000000000001	0.4513851574961491	79.50619126443046
0.084	0.453541043090343	79.6970105942436
0.08420000000000001	0.45570399787476434	79.88783502335377
0.08440000000000002	0.45787401565349595	80.0786645566947
0.08460000000000001	0.4600511082181391	80.26949919885833
0.08480000000000001	0.46223528736278086	80.46033895443658
0.085	0.46442656488399664	80.65118382802137
0.08520000000000001	0.4666249554206941	80.84203382408327
0.0854	0.4688304672248266	81.03288894736593
0.08560000000000001	0.4710431113903558	81.22374920249167
0.08580000000000002	0.47326289901363244	81.41461459408275
0.08600000000000001	0.4754898411934001	81.60548512676144
0.08620000000000001	0.47772398749274	81.79636080506492
0.0864	0.4799653009404797	81.98724163372187
0.08660000000000001	0.48221378302513135	82.17812761737586
0.08680000000000002	0.48446943523605307	82.36901876067049
0.08700000000000001	0.48673225906344936	82.55991506824928
0.08720000000000001	0.489002186043811	82.7508165451103
0.0874	0.49127930510728407	82.94172319545402
0.08760000000000001	0.49356363523878977	83.1326350238354
0.0878	0.4958551954269338	83.32355203480942
0.08800000000000001	0.4981540046640109	83.51447423293104
0.08820000000000001	0.5004600896970681	83.70540162231121
0.0884	0.502773459837493	83.89633420805987
0.08860000000000001	0.5050941321505366	84.08727199484301
0.0888	0.507422123704856	84.27821498732654
0.08900000000000001	0.5097574515725203	84.46916319017643
0.08920000000000002	0.5121001862657468	84.6601166077148
0.08940000000000001	0.5144502780713363	84.85107524503739
0.08960000000000001	0.5168077307097144	85.04203910689615
0.0898	0.5191725479025523	85.23300819804297
0.09000000000000001	0.5215447333727682	85.4239825232298
0.09020000000000002	0.5239243029459614	85.6149620874627
0.09040000000000001	0.5263112452216405	85.80594689517588
0.09060000000000001	0.5287055609004748	85.99693695105773
0.0908	0.531107250683874	86.18793225979663
0.09100000000000001	0.5335163152739885	86.37893282608094
0.0912	0.5359327181613103	86.56993865497626
0.09140000000000001	0.5383565065623022	86.76094975069945
0.09160000000000001	0.5407876904863412	86.95196611784462
0.0918	0.5432262799450737	87.14298776100581
0.09200000000000001	0.5456722849524179	87.33401468477715
0.0922	0.5481257192337404	87.52504689371726
0.09240000000000001	0.5505865881713091	87.71608439246454
0.09260000000000002	0.5530549008583865	87.90712718562189
0.09280000000000001	0.5555306663903637	88.09817527779224
0.09300000000000001	0.5580138938647626	88.28922867357855
0.0932	0.5605045971052709	88.48028737758844
0.09340000000000001	0.5630027793089807	88.671351394419
0.09360000000000002	0.5655084483985625	88.86242072867196
0.09380000000000001	0.5680216122986287	89.05349538494907
0.09400000000000001	0.5705422789357355	89.24457536785214
0.0942	0.573070479703373	89.43566068203673
0.09440000000000001	0.5756061932024761	89.62675133203732
0.0946	0.578149421497964	89.81784732244216
0.09480000000000001	0.5807001666557209	90.00894865783962
0.09500000000000001	0.5832584307425939	90.20005534281796
0.0952	0.5858242890636839	90.39116738226176
0.09540000000000001	0.5883976521465681	90.58228478038896
0.0956	0.590978503747806	90.77340754171381
0.09580000000000001	0.5935668276218248	90.96453567075052
0.09600000000000002	0.5961626075209152	91.15566917201333
0.09620000000000001	0.5987206859109676	91.34680805105869
0.09640000000000001	0.6012974698094067	91.53795231109805
0.0966	0.6039042306638267	91.72910195638507
0.09680000000000001	0.606552241829606	91.92025699117345
0.09700000000000002	0.6092527785725469	92.11141741971682
0.09720000000000001	0.6120847400067235	92.30258278647882
0.09740000000000001	0.6149748825918996	92.49375367045072
0.0976	0.6179175784702087	92.68493019083363
0.09780000000000001	0.6209071989179988	92.87611246682877
0.098	0.6239381143106296	93.06730061763731
0.09820000000000001	0.6270155343137466	93.25849499952032
0.09840000000000002	0.6301202780715514	93.44969543535413
0.09860000000000001	0.6332440022960142	93.64090198507495
0.09880000000000001	0.6363783621214513	93.832114708619
0.099	0.6395150110782308	94.0233336659225
0.09920000000000001	0.6426459405398324	94.21455925551435
0.09940000000000002	0.6457623763789656	94.40579111408991
0.09960000000000001	0.6488558822791805	94.59702921693722
0.09980000000000001	0.651918020283425	94.78827353934433
0.1	0.6549403508048103	94.97952405659927
0.10020000000000001	0.6578730665617105	95.17078107620799
0.10040000000000002	0.6607594287066225	95.36204415818617
0.10060000000000001	0.6636013369551778	95.55331319476738
0.10080000000000001	0.6664006914792469	95.74458807818525
0.101	0.6691593928962356	95.93586870067331
0.10120000000000001	0.6718510048988374	96.12715487149765
0.1014	0.6745128485341927	96.31844658660123
0.10160000000000001	0.677153911576485	96.50974375895957
0.10180000000000002	0.6797831833768663	96.70104630154812
0.10200000000000001	0.6824096548226628	96.89235412734232
0.10220000000000001	0.68507828297022	97.08366679346224
0.1024	0.6877531083164039	97.27498465770263
0.10260000000000001	0.6904341331242487	97.46630772200284
0.10280000000000002	0.6931213596573338	97.6576359883022
0.10300000000000001	0.6958147901797826	97.84896945854001
0.10320000000000001	0.6985144274270273	98.04030813471778
0.1034	0.7012202730758688	98.23165201869713
0.10360000000000001	0.703932329274353	98.42300111240192
0.10380000000000002	0.7066505981710498	98.61435541775592
0.10400000000000001	0.7093750819150547	98.80571493668292
0.10420000000000001	0.7121057831601131	98.99707967117149
0.1044	0.714842703426256	99.18844962306449
0.10460000000000001	0.7175858447380968	99.37982479426955
0.1048	0.7203352091207522	99.5712051866943
0.10500000000000001	0.7230907985998426	99.76259080224636
0.10520000000000002	0.7258526156978583	99.95398164290091
0.10540000000000001	0.7286206618210079	100.1453777104811
0.10560000000000001	0.7313949388723041	100.3367790068777
0.1058	0.7341754487552403	100.52818553398141
0.10600000000000001	0.7369621933737929	100.719597293683
0.10620000000000002	0.739755175121047	100.91101428794339
0.10640000000000001	0.7425543952911975	101.10243651856553
0.10660000000000001	0.7453598556674834	101.29386398742265
0.1068	0.7481715580336024	101.48529669638789
0.10700000000000001	0.7509895041737141	101.67673464733447
0.10720000000000002	0.7538126012528392	101.86817784220825
0.10740000000000001	0.7566422192518264	102.05962628279153
0.10760000000000002	0.7594786336673293	102.25107997093934
0.1078	0.7623221200414917	102.44253890850668
0.10800000000000001	0.7651729539619794	102.63400309734857
0.1082	0.7680318545042146	102.82547252934451
0.10840000000000001	0.7708985430754839	103.01694721881888
0.10860000000000002	0.7737731845173146	103.20842717012059
0.10880000000000001	0.7766559436990302	103.39991238759848
0.10900000000000001	0.7795469855177912	103.59140287560145
0.1092	0.7824470745338006	103.78289863279942
0.10940000000000001	0.785355626199014	103.97439967063998
0.10960000000000002	0.7882726555548816	104.16590599489176
0.10980000000000001	0.7911981776462464	104.35741761132337
0.11000000000000001	0.7941322075213492	104.54893452570346
0.1102	0.7970747604658915	104.74045674367423
0.11040000000000001	0.8000258512423555	104.93198427116234
0.11060000000000002	0.8029854948506802	105.12351711396798
0.11080000000000001	0.8059537062942164	105.31505527789137
0.11100000000000002	0.808930500579731	105.50659876873277
0.11120000000000001	0.8119158929543727	105.69814759217086
0.11140000000000001	0.8149098981355593	105.88970175415777
0.1116	0.817912531081086	106.08126126052412
0.11180000000000001	0.8209238067521777	106.27282611710052
0.11200000000000002	0.8239437401134927	106.46439632971757
0.11220000000000001	0.8269723463729166	106.65597190408907
0.11240000000000001	0.8300096402022629	106.84755284619165
0.1126	0.833055636516566	107.0391391618851
0.11280000000000001	0.8361103502343078	107.23073085702926
0.11300000000000002	0.8391737962774221	107.42232793748393
0.11320000000000001	0.8422459898138485	107.61393040899668
0.11340000000000001	0.84532694546926	107.80553827756762
0.1136	0.8484166781153291	107.99715154908463
0.11380000000000001	0.8515152026271929	108.18877022943559
0.11400000000000002	0.8546225338834582	108.38039432450836
0.11420000000000001	0.8577386870114434	108.572023840083
0.11440000000000002	0.8608636765901699	108.76365878218218
0.11460000000000001	0.8639975174473625	108.95529915672066
0.11480000000000001	0.8671402244142294	109.14694496961332
0.115	0.8702918123254642	109.33859622677494
0.11520000000000001	0.8734522962671262	109.53025293401689
0.11540000000000002	0.8766216907710642	109.72191509738333
0.11560000000000001	0.8798000106204842	109.91358272281498
0.11580000000000001	0.8829872706020906	110.10525581625254
0.116	0.886183485506091	110.29693438363668
0.11620000000000001	0.8893886703766442	110.48861843080883
0.11640000000000002	0.8926028396979367	110.6803079638338
0.11660000000000001	0.8958260082080969	110.87200298867712
0.11680000000000001	0.8990581906487682	111.06370351130437
0.117	0.9022994017651139	111.25540953768102
0.11720000000000001	0.9055496565587844	111.44712107367738
0.11740000000000002	0.9088089694658061	111.63883812537804
0.11760000000000001	0.9120773551786822	111.83056069877235
0.11780000000000002	0.9153548283934477	112.02228879984968
0.11800000000000001	0.9186414038096739	112.21402243459936
0.11820000000000001	0.9219370963858976	112.40576160891943
0.1184	0.9252419205095076	112.59750632891337
0.11860000000000001	0.9285558908268486	112.78925660059342
0.11880000000000002	0.9318790219878111	112.98101242997171
0.11900000000000001	0.9352113286458396	113.17277382306045
0.11920000000000001	0.9385528257157687	113.36454078578433
0.1194	0.9419035275358809	113.55631332426488
0.11960000000000001	0.9452634487058387	113.74809144453621
0.11980000000000002	0.9486326038288663	113.93987515263237
0.12000000000000001	0.9520110075117567	114.1316644545874
0.12020000000000002	0.9553986746250804	114.32345935635159
0.12040000000000001	0.9587956194575387	114.51525986406375
0.12060000000000001	0.9622018565615967	114.7070659837789
0.1208	0.9656174004932986	114.89887772155205
0.12100000000000001	0.9690422658122715	115.09069508343822
0.12120000000000002	0.9724764673442552	115.28251807541224
0.12140000000000001	0.9759200193279164	115.47434670362934
0.12160000000000001	0.9793729362680208	115.6661809741646
0.1218	0.9828352326729273	115.85802089309308
0.12200000000000001	0.9863069230545939	116.04986646648987
0.12220000000000002	0.9897880221933832	116.24171770035333
0.12240000000000001	0.9932785442774756	116.43357460085439
0.12260000000000001	0.9967785037634418	116.62543717408727
0.1228	1.000287915111461	116.81730542614622
0.12300000000000001	1.0038067927853258	117.00917936312548
0.12320000000000002	1.0073351515194828	117.20105899104603
0.12340000000000001	1.0108730054511843	117.39294431609365
0.12360000000000002	1.014420368988322	117.58483534438095
0.12380000000000001	1.0179772565424094	117.77673208202046
0.12400000000000001	1.0215436825285888	117.96863453512476
0.1242	1.0251196616348723	118.16054270973643
0.12440000000000001	1.0287052079471386	118.35245661205549
0.12460000000000002	1.0323003358241192	118.54437624821199
0.12480000000000001	1.0359050596281838	118.73630162433597
0.125	1.039519393725343	118.92823274655746
0.1252	1.0431433527566538	119.12016962093982
0.1254	1.0467769507561926	119.3121122536965
0.12560000000000002	1.0504202020330624	119.50406065097421
0.12580000000000002	1.0540731209000187	119.69601481891972
0.126	1.057735721673471	119.88797476367972
0.1262	1.0614080189470183	120.07994049133741
0.1264	1.0650900267025023	120.27191200811897
0.12660000000000002	1.0687817591989346	120.46388932018706
0.12680000000000002	1.072483230698991	120.6558724337043
0.127	1.0761944554690166	120.84786135483331
0.1272	1.0799154480546482	121.03985608967623
0.1274	1.0836462223850774	121.23185664447135
0.12760000000000002	1.0873867926687666	121.42386302539641
0.12780000000000002	1.0911371731178579	121.61587523862923
0.128	1.0948973779481732	121.80789329034751
0.1282	1.0986674216569092	121.99991718667152
0.12840000000000001	1.102447318120178	122.19194693385099
0.12860000000000002	1.1062370814954428	122.38398253807804
0.12880000000000003	1.1100367259438577	122.57602400554485
0.129	1.1138462656302723	122.76807134244356
0.1292	1.117665715002951	122.96012455491173
0.12940000000000002	1.1214950878845205	123.1521836492098
0.12960000000000002	1.1253343983810011	123.34424863154362
0.1298	1.1291836606021162	123.536319508119
0.13	1.1330428886612973	123.72839628514181
0.1302	1.1369120969574025	123.92047896876602
0.13040000000000002	1.1407912992591651	124.11256756526225
0.13060000000000002	1.1446805096207244	124.30466208084933
0.1308	1.148579742099933	124.49676252174598
0.131	1.1524890107583659	124.68886889417107
0.1312	1.1564083336543853	124.88098120429427
0.13140000000000002	1.160337719866006	125.07309945839575
0.13160000000000002	1.1642771824674936	125.26522366270656
0.1318	1.1682267345366666	125.45735382345775
0.132	1.172186389154904	125.64948994688045
0.1322	1.1761561632489175	125.84163203918719
0.13240000000000002	1.1801360651053119	126.03378010663215
0.13260000000000002	1.1841261068555011	126.22593415545106
0.1328	1.1881263006342941	126.41809419187958
0.133	1.1921366585799023	126.61026022215344
0.1332	1.1961571767502281	126.8024322525184
0.13340000000000002	1.2001878873936147	126.99461028919757
0.13360000000000002	1.204228806680365	127.18679433842414
0.1338	1.2082799507849529	127.37898440643126
0.134	1.2123413358860302	127.57118049945218
0.1342	1.2164129834268722	127.7633826236102
0.13440000000000002	1.2204949030193684	127.95559078527583
0.13460000000000003	1.2245871095393166	128.14780499070972
0.1348	1.2286896178664697	128.3400252461725
0.135	1.2328024428845406	128.53225155792487
0.13520000000000001	1.2369256049266537	128.7244839321581
0.13540000000000002	1.2410591120780887	128.91672237521954
0.13560000000000003	1.2452029778727867	129.1089668933872
0.1358	1.2493572158484103	129.30121749293903
0.136	1.2535218395463517	129.49347418015307
0.13620000000000002	1.2576968617719404	129.68573696127868
0.13640000000000002	1.2618822969987158	129.87800584262962
0.1366	1.2660781589642744	130.07028083049104
0.1368	1.2702844614099964	130.26256193114818
0.137	1.2745012180810469	130.45484915088616
0.13720000000000002	1.2787284430243573	130.6471424959562
0.13740000000000002	1.282966149620233	130.83944197268585
0.1376	1.287214351550716	131.03174758736878
0.1378	1.2914730625016422	131.22405934629867
0.138	1.2957422961626417	131.41637725576913
0.13820000000000002	1.3000220665270155	131.60870132204224
0.13840000000000002	1.3043123869171858	131.80103155145108
0.1386	1.3086132709592173	131.99336795029723
0.1388	1.3129247322829762	132.1857105248823
0.139	1.3172467845221312	132.37805928150777
0.13920000000000002	1.3215794416159052	132.5704142264459
0.13940000000000002	1.325922716828438	132.76277536603487
0.1396	1.330276623729392	132.95514270658356
0.1398	1.3346411758922405	133.1475162544009
0.14	1.3390163868942693	133.33989601579574
0.14020000000000002	1.3434022706201807	133.5322819970499
0.14040000000000002	1.347798840275431	133.72467420450607
0.1406	1.3522061093728617	133.91707264447996
0.1408	1.3566240914291323	134.10947732328722
0.14100000000000001	1.3610527999647262	134.30188824724354
0.14120000000000002	1.3654922488093817	134.49430542263963
0.14140000000000003	1.369942451109479	134.6867288558223
0.1416	1.3744034203206223	134.87915855311346
0.1418	1.378875169902243	135.071594520835
0.14200000000000002	1.3833577133176045	135.26403676530884
0.14220000000000002	1.3878510643410393	135.45648529283406
0.1424	1.3923552360594655	135.64894010976104
0.1426	1.3968702418708405	135.84140122241743
0.1428	1.401396095176955	136.0338686371308
0.14300000000000002	1.405932809383439	136.22634236022876
0.14320000000000002	1.4104803982088008	136.41882239801816
0.1434	1.415038874680093	136.6113087568525
0.1436	1.4196082521372153	136.80380144306466
0.1438	1.4241885439239061	136.99630046298734
0.14400000000000002	1.4287797633877521	137.18880582295333
0.14420000000000002	1.4333819241909966	137.38131752927674
0.1444	1.4379950393004495	137.5738355883137
0.1446	1.4426191219975448	137.7663600064017
0.1448	1.4472541855675651	137.9588907898782
0.14500000000000002	1.4519002432996464	138.15142794508068
0.14520000000000002	1.456557308799348	138.34397147832988
0.1454	1.4612253949728444	138.5365213959841
0.1456	1.4659045150427013	138.72907770438505
0.1458	1.4705946822353373	138.92164040987436
0.14600000000000002	1.475295909781033	139.11420951879364
0.14620000000000002	1.4800082112282325	139.3067850374698
0.1464	1.4847315994221018	139.49936697226292
0.1466	1.4894660875259365	139.69195532951838
0.1468	1.4942116887068932	139.8845501155815
0.14700000000000002	1.4989684161359946	140.07715133679758
0.14720000000000003	1.5037362833041585	140.26975899949915
0.1474	1.5085153029951528	140.46237311004754
0.1476	1.513305488312605	140.6549936747914
0.14780000000000001	1.5181068523640093	140.8476207000793
0.14800000000000002	1.5229194082607314	141.0402541922597
0.14820000000000003	1.5277431694357428	141.23289415767024
0.1484	1.5325781486110377	141.42554060267318
0.1486	1.5374243588301773	141.61819353361986
0.14880000000000002	1.5422818131405969	141.8108529568616
0.14900000000000002	1.5471505245936097	142.0035188787497
0.1492	1.5520305065638214	142.19619130562626
0.1494	1.5569217717110817	142.38887024385414
0.1496	1.5618243330184918	142.5815556997869
0.14980000000000002	1.5667382034730353	142.77424767977817
0.15000000000000002	1.5716633960655766	142.96694619018155
0.1502	1.5765999241119526	143.1596512373432
0.1504	1.5815478002094858	143.3523628276261
0.1506	1.5865070372804277	143.54508096738564
0.15080000000000002	1.5914776482509159	143.7378056629773
0.15100000000000002	1.5964596460509752	143.93053692075654
0.1512	1.6014530439372505	144.12327474707314
0.1514	1.6064578544441788	144.31601914828966
0.1516	1.6114740904327765	144.508770130763
0.15180000000000002	1.6165017647679476	144.70152770085002
0.15200000000000002	1.6215408903184898	144.8942918649076
0.1522	1.6265914802814734	145.08706262928862
0.1524	1.631653547128057	145.279840000355
0.1526	1.6367271036576292	145.47262398446455
0.15280000000000002	1.6418121626734719	145.66541458797514
0.15300000000000002	1.6469087369827642	145.8582118172446
0.1532	1.6520168397225685	146.05101567862857
0.1534	1.6571364833004267	146.24382617848778
0.15360000000000001	1.6622676804537184	146.43664332318062
0.15380000000000002	1.6674104439237223	146.62946711906554
0.15400000000000003	1.6725647864556186	146.822297572501
0.1542	1.6777307211260788	147.01513468984473
0.1544	1.6829082602786436	147.20797847745604
0.15460000000000002	1.6880974165883034	147.4008289416935
0.15480000000000002	1.6932982027339478	147.5936860889157
0.15500000000000003	1.6985106313983733	147.7865499254812
0.1552	1.7037347155974583	147.97942045774963
0.1554	1.7089704676103818	148.1722976920783
0.15560000000000002	1.7142179000493636	148.3651816348256
0.15580000000000002	1.719477025530527	148.5580722923499
0.156	1.7247478566739005	148.75096967100944
0.1562	1.7300304064341672	148.94387377716527
0.1564	1.7353246870257921	149.13678461717242
0.15660000000000002	1.7406307109978492	149.32970219738868
0.15680000000000002	1.7459484909033163	149.52262652417173
0.157	1.7512780392990819	149.7155576038792
0.1572	1.756619369078249	149.90849544287303
0.1574	1.7619724923901994	150.10144004750575
0.15760000000000002	1.7673374217204811	150.294391424134
0.15780000000000002	1.7727141695585529	150.48734957911452
0.158	1.7781027483977825	150.6803145188039
0.1582	1.7835031710692855	150.87328624956456
0.1584	1.7889154496570179	151.06626477774606
0.15860000000000002	1.7943395965826345	151.2592501097037
0.15880000000000002	1.7997756242717011	151.45224225179274
0.159	1.8052235451536962	151.64524121036845
0.1592	1.8106833719973658	151.83824699179328
0.15940000000000001	1.8161551168208787	152.0312596024135
0.15960000000000002	1.8216387919816253	152.2242790485827
0.15980000000000003	1.8271344098409066	152.41730533665432
0.16	1.8326419827639377	152.6103384729818
0.1602	1.838161523456706	152.80337846392732
0.16040000000000001	1.8436930438712453	152.99642531583356
0.16060000000000002	1.8492365563003128	153.1894790350519
0.16080000000000003	1.8547920730405774	153.38253962793368
0.161	1.8603596063926247	153.5756071008302
0.1612	1.865939168999296	153.76868146010293
0.16140000000000002	1.8715307727461417	153.96176271209058
0.16160000000000002	1.8771344298609192	154.15485086314203
0.16180000000000003	1.8827501525752988	154.3479459196061
0.162	1.8883779531248688	154.5410478878316
0.1622	1.8940178440889377	154.7341567741789
0.16240000000000002	1.8996698372862313	154.92727258498246
0.16260000000000002	1.905333944879145	155.1203953265883
0.1628	1.9110101790339877	155.3135250053423
0.163	1.9166985519209907	155.5066616275906
0.1632	1.922399076055546	155.6998051996919
0.16340000000000002	1.9281117631892133	155.8929557279762
0.16360000000000002	1.9338366254186636	156.08611321878618
0.1638	1.9395736748444867	156.2792776784647
0.164	1.945322923571189	156.4724491133545
0.1642	1.9510843840498744	156.66562752981255
0.16440000000000002	1.9568580679645906	156.8588129341639
0.16460000000000002	1.962643987345932	157.05200533274774
0.1648	1.968442154228407	157.24520473190333
0.165	1.9742525806504432	157.4384111379699
0.1652	1.9800752789984772	157.6316245573022
0.16540000000000002	1.9859102608887091	157.82484499622004
0.16560000000000002	1.991757538285298	158.01807246105878
0.1658	1.9976171231563145	158.21130695815373
0.166	2.0034890274737513	158.4045484938403
0.16620000000000001	2.009373263559003	158.59779707447066
0.16640000000000002	2.0152698429600875	158.79105270635912
0.16660000000000003	2.0211787775743746	158.9843153958368
0.1668	2.027100079303146	159.17758514923483
0.167	2.033033760051604	159.37086197288437
0.16720000000000002	2.0389798320757135	159.56414587313472
0.16740000000000002	2.0449383068549962	159.7574368562943
0.16760000000000003	2.050909196219689	159.95073492868977
0.1678	2.0568925120039374	160.1440400966477
0.168	2.062888266045806	160.33735236649477
0.16820000000000002	2.0688964705354898	160.53067174457695
0.16840000000000002	2.0749171368836583	160.72399823719658
0.16860000000000003	2.080950276853063	160.91733185067545
0.1688	2.0869959022103637	161.11067259133532
0.169	2.0930540247261353	161.30402046549798
0.16920000000000002	2.0991246565244084	161.49737547950582
0.16940000000000002	2.105207808946704	161.6907376396548
0.1696	2.1113034936879456	161.88410695226153
0.1698	2.1174117224469655	162.07748342364263
0.17	2.1235325069265056	162.27086706011468
0.17020000000000002	2.1296658591840902	162.4642578680162
0.17040000000000002	2.135811790491748	162.6576558536364
0.1706	2.1419703124762344	162.8510610232865
0.1708	2.1481414367682095	163.04447338327756
0.171	2.1543251750022425	163.2378929399208
0.17120000000000002	2.16052153916896	163.43131969955041
0.17140000000000002	2.1667305404706103	163.62475366844868
0.1716	2.1729521904654474	163.81819485292098
0.1718	2.1791865007156246	164.01164325927272
0.17200000000000001	2.185433482787202	164.20509889380926
0.17220000000000002	2.1916931486035884	164.39856176286025
0.17240000000000003	2.197965509296901	164.59203187270072
0.1726	2.2042505763565505	164.78550922962998
0.1728	2.2105483612758468	164.9789938399474
0.17300000000000001	2.2168588755519996	165.17248570995227
0.17320000000000002	2.223182131040804	165.3659848459693
0.17340000000000003	2.229518138803977	165.5594912542661
0.1736	2.235866910261757	165.75300494113554
0.1738	2.2422284568382844	165.94652591287067
0.17400000000000002	2.2486027899615926	166.14005417576442
0.17420000000000002	2.254989921419536	166.33358973613633
0.17440000000000003	2.2613898622030972	166.52713260024615
0.1746	2.26780262366302	166.72068277438018
0.1748	2.274228217153941	166.9142402648248
0.17500000000000002	2.2806666540343876	167.1078050778663
0.17520000000000002	2.287117946023911	167.3013772198187
0.1754	2.2935821040424718	167.4949566969337
0.1756	2.300059139370995	167.68854351549075
0.1758	2.3065490632942915	167.88213768176925
0.17600000000000002	2.3130518871010595	168.07573920204857
0.17620000000000002	2.31956762244221	168.26934808263692
0.1764	2.3260962801663743	168.46296432977772
0.1766	2.332637871484336	168.6565879497432
0.1768	2.339192407610757	168.85021894880552
0.17700000000000002	2.345759899764187	169.04385733323693
0.17720000000000002	2.3523403595265333	169.2375031093395
0.1774	2.358933797674822	169.43115628334806
0.1776	2.365540225349383	169.6248168615274
0.1778	2.372159653694419	169.81848485014223
0.17800000000000002	2.378792093858011	170.01216025545727
0.17820000000000003	2.385437557352741	170.20584308376826
0.1784	2.3920960548837296	170.39953334130118
0.1786	2.3987675975205374	170.59323103431308
0.17880000000000001	2.4054521963365922	170.78693616906094
0.17900000000000002	2.4121498624091977	170.98064875180174
0.17920000000000003	2.4188606071812684	171.17436878882452
0.1794	2.425584441285736	171.36809628634623
0.1796	2.4323213757210853	171.5618312506159
0.17980000000000002	2.4390714214896616	171.75557368788253
0.18000000000000002	2.445834589597679	171.9493236043951
0.18020000000000003	2.452610891418043	172.14308100643564
0.1804	2.4594003375112283	172.3368459002118
0.1806	2.466202938804341	172.5306182919644
0.18080000000000002	2.473018706228342	172.72439818793413
0.18100000000000002	2.4798476507180554	172.91818559436172
0.18120000000000003	2.486689783576053	173.11198051752197
0.1814	2.493545115290075	173.305782963613
0.1816	2.500413656715548	173.49959293886707
0.18180000000000002	2.50729541871175	173.69341044951636
0.18200000000000002	2.5141904121418137	173.8872355017931
0.1822	2.5210986482376514	174.08106810196455
0.1824	2.528020137414003	174.27490825621913
0.1826	2.53495489045432	174.46875597078022
0.18280000000000002	2.541902918145903	174.6626112518713
0.18300000000000002	2.5488642312798984	174.85647410571582
0.1832	2.555838841017243	175.05034453857323
0.1834	2.5628267576994044	175.24422255662196
0.1836	2.5698279920375726	175.4381081660764
0.18380000000000002	2.576842554746776	175.63200137315096
0.18400000000000002	2.5838704565458843	175.82590218406006
0.1842	2.590911708524525	176.01981060505517
0.1844	2.597966320950653	176.21372664230444
0.18460000000000001	2.6050343044629147	176.40765030201297
0.18480000000000002	2.612115669703788	176.60158159038596
0.18500000000000003	2.6192104273195818	176.79552051362856
0.1852	2.626318588328315	176.98946707798393
0.1854	2.633440162924167	177.18342128960973
0.18560000000000001	2.640575161672961	177.3773831547016
0.18580000000000002	2.647723595144342	177.57135267945517
0.18600000000000003	2.654885473911777	177.76532987006613
0.1862	2.662060808921371	177.95931473276906
0.1864	2.6692496102932806	178.15330727371096
0.18660000000000002	2.6764518885202295	178.34730749907774
0.18680000000000002	2.683667654098753	178.54131541505527
0.18700000000000003	2.6908969175292023	178.73533102782946
0.1872	2.6981396896854566	178.92935434362613
0.1874	2.705395980613414	179.12338536858135
0.18760000000000002	2.7126658007324314	179.31742410887105
0.18780000000000002	2.719949160465668	179.51147057067115
0.18800000000000003	2.727246070240089	179.70552476015757
0.1882	2.7345565408570396	179.89958668354708
0.1884	2.74188058228794	180.09365634696465
0.18860000000000002	2.7492182048785163	180.28773375657593
0.18880000000000002	2.756569418978292	180.4818189185467
0.189	2.7639342349405833	180.67591183904264
0.1892	2.7713126634939202	180.8700125242713
0.1894	2.7787047145350066	181.0641209803462
0.18960000000000002	2.7861103983356843	181.2582372134226
0.18980000000000002	2.7935297251715827	181.45236122965588
0.19	2.800962705322114	181.64649303520127
0.1902	2.808409349442712	181.84063263625677
0.1904	2.815869667355132	182.03478003892437
0.19060000000000002	2.8233436692570795	182.2289352493487
0.19080000000000003	2.8308313653500323	182.4230982736744
0.191	2.8383327658392434	182.61726911804612
0.1912	2.845847881306736	182.81144778865206
0.19140000000000001	2.853376721499139	183.00563429158245
0.19160000000000002	2.8609192965397776	183.19982863297108
0.19180000000000003	2.8684756165557403	183.3940308189517
0.192	2.8760456916778803	183.58824085565809
0.1922	2.8836295324145564	183.78245874926841
0.19240000000000002	2.891227148437041	183.97668450586096
0.19260000000000002	2.898838549794041	184.1709181315584
0.19280000000000003	2.906463746538015	184.36515963248348
0.193	2.9141027487251736	184.55940901475878
0.1932	2.921755566789933	184.7536662845523
0.19340000000000002	2.9294222103280196	184.9479314479302
0.19360000000000002	2.937102689313287	185.14220451100377
0.19380000000000003	2.944797013723334	185.33648547988446
0.194	2.952505193539497	185.53077436068358
0.1942	2.96022722524444	185.72507115955867
0.19440000000000002	2.9679631357035934	185.91937588256346
0.19460000000000002	2.9757129382861836	186.11368853579785
0.19480000000000003	2.983476646366016	186.3080091253617
0.195	2.991254273321479	186.50233765735484
0.1952	2.999045822798569	186.69667413785325
0.19540000000000002	3.0068513203550373	186.89101857298667
0.19560000000000002	3.0146707818180496	187.085370968861
0.1958	3.0225042230199675	187.27973133158207
0.196	3.0303516597983644	187.47409966725576
0.1962	3.038213167880149	187.6684759819144
0.19640000000000002	3.0460886882646085	187.86286028175576
0.19660000000000002	3.0539782218293268	188.05725257290402
0.1968	3.0618817694534206	188.25165286148342
0.197	3.069799332017545	188.44606115361827
0.19720000000000001	3.0777308730167374	188.64047745566245
0.19740000000000002	3.0856764400646273	188.83490177345308
0.19760000000000003	3.093636043396118	189.02933411305696
0.1978	3.1016096932499475	189.2237744805409
0.198	3.1095973998686937	189.41822288197176
0.19820000000000002	3.117599175186703	189.61267932345442
0.19840000000000002	3.1256150273445034	189.80714381100807
0.19860000000000003	3.1336449661740797	190.00161635069003
0.1988	3.1416890015111565	190.19609694855754
0.199	3.149747143195205	190.39058561066793
0.19920000000000002	3.157819402143993	190.58508234312407
0.19940000000000002	3.1659057868614204	190.7795871519263
0.19960000000000003	3.1740063069294777	190.97410004312047
0.1998	3.182120971933843	191.16862102275246
0.2	3.1902497914638848	191.36315009686825
0.20020000000000002	3.1983927754876675	191.55768727156357
0.20040000000000002	3.2065499331332243	191.75223255282197
0.20060000000000003	3.214721273907214	191.94678594667687
0.2008	3.222906807319966	192.1413474591617
0.201	3.2311065428854873	192.3359170963099
0.20120000000000002	3.2393204904969615	192.53049486420556
0.20140000000000002	3.2475486592064193	192.72508076881877
0.20160000000000003	3.2557910584449985	192.91967481617036
0.2018	3.264047697647489	193.114277012281
0.202	3.272318586252348	193.30888736317158
0.20220000000000002	3.2806037340776735	193.5035058749142
0.20240000000000002	3.2889031500993218	193.6981325534654
0.2026	3.297216843672716	193.8927674048331
0.2028	3.3055448241569287	194.08741043502533
0.203	3.313887100914671	194.2820616500499
0.20320000000000002	3.322243683688683	194.47672105596695
0.20340000000000003	3.330614581378564	194.6713886587192
0.2036	3.3389998032638597	194.86606446430156
0.2038	3.34739935862775	195.06074847870903
0.20400000000000001	3.3558132567570396	195.25544070793643
0.20420000000000002	3.3642415073189302	195.45014115803153
0.20440000000000003	3.3726841191366077	195.6448498349232
0.2046	3.3811411014135713	195.83956674459316
0.2048	3.3896124633569364	196.0342918930231
0.20500000000000002	3.398098214177437	196.22902528619474
0.20520000000000002	3.40659836346653	196.4237669301433
0.20540000000000003	3.4151129199708627	196.6185168307836
0.2056	3.4236418928177277	196.8132749940839
0.2058	3.4321852911380213	197.00804142601262
0.20600000000000002	3.4407431240662394	197.20281613253803
0.20620000000000002	3.4493154011178615	197.3975991196827
0.20640000000000003	3.457902130962929	197.59239039334716
0.2066	3.466503322652384	197.78718995948614
0.2068	3.47511898524076	197.98199782405453
0.20700000000000002	3.483749127786171	198.176813993007
0.20720000000000002	3.49239376080752	198.37163847235325
0.20740000000000003	3.5010528915487873	198.56647126797944
0.2076	3.509726528714451	198.76131238582659
0.2078	3.518414681012491	198.95616183183577
0.20800000000000002	3.527117357154389	199.15101961194802
0.20820000000000002	3.535834626947177	199.34588573216513
0.2084	3.5445664227511706	199.5407601983522
0.2086	3.553312738010458	199.7356430164351
0.2088	3.5620735661687024	199.93053419233968
0.20900000000000002	3.5708489006691413	200.1254337319918
0.20920000000000002	3.579638763874108	200.32034164166797
0.2094	3.588443113079879	200.5152579268557
0.2096	3.597261934496162	200.71018259339326
0.20980000000000001	3.60609521433033	200.9051156471188
0.21000000000000002	3.614942938787426	201.10005709387056
0.21020000000000003	3.623804830514921	201.29500693996957
0.2104	3.6326812051274455	201.48996519065042
0.2106	3.6415721147330675	201.6849318516307
0.21080000000000002	3.65047761145454	201.87990692862786
0.21100000000000002	3.659397747429316	202.0748904273594
0.21120000000000003	3.66833277785231	202.26988235277514
0.2114	3.6772825011099637	202.46488271155215
0.2116	3.686246918606869	202.65989150959987
0.21180000000000002	3.695226031749246	202.85490875282775
0.21200000000000002	3.7042198419449357	203.04993444714515
0.21220000000000003	3.713228322074087	203.24496859865707
0.2124	3.7222515092062274	203.44001121302847
0.2126	3.7312894118887177	203.6350622961199
0.21280000000000002	3.7403420386723867	203.8301218537919
0.21300000000000002	3.7494093981115437	204.025189891905
0.21320000000000003	3.7584914991415554	204.220266416379
0.2134	3.7675883498517546	204.4153514330003
0.2136	3.7766999587124572	204.6104449476147
0.21380000000000002	3.785826334197431	204.80554696606788
0.21400000000000002	3.794967484783903	205.00065749420554
0.21420000000000003	3.8041234193299958	205.1957765379333
0.2144	3.8132941458481144	205.39090410302202
0.2146	3.82247967273148	205.58604019530247
0.21480000000000002	3.8316800083767495	205.7811848206054
0.21500000000000002	3.840895161184019	205.97633798476156
0.2152	3.8501251399340894	206.17149969366213
0.2154	3.8593699525624223	206.36666995306237
0.2156	3.8686296073850923	206.56184876877785
0.21580000000000002	3.8779041127215996	206.75703614662422
0.21600000000000003	3.8871934768948653	206.95223209241712
0.2162	3.8964977086082087	207.14743661203323
0.2164	3.905816815720234	207.3426497112119
0.21660000000000001	3.915150806469863	207.53787139575348
0.21680000000000002	3.9244996890994157	207.73310167145837
0.21700000000000003	3.9338634718546173	207.9283405441269
0.2172	3.943242163361284	208.1235880196211
0.2174	3.9526357714011526	208.31884410366436
0.21760000000000002	3.962044304135963	208.5141088020416
0.21780000000000002	3.9714677697308405	208.70938212053778
0.21800000000000003	3.980906176354295	208.9046640649379
0.2182	3.9903595325545678	209.09995464108908
0.2184	3.999827846036567	209.2952538546986
0.21860000000000002	4.009311124884849	209.49056171153586
0.21880000000000002	4.018809377187335	209.68587821737032
0.21900000000000003	4.028322611035307	209.88120337797133
0.2192	4.037850834899331	210.0765371991711
0.2194	4.047394056407599	210.27187968666064
0.21960000000000002	4.056952283567495	210.46723084619367
0.21980000000000002	4.066525524389748	210.66259068352394
0.22000000000000003	4.076113786888433	210.85795920440515
0.2202	4.085717079456433	211.05333641465435
0.2204	4.095335409645259	211.24872231994618
0.22060000000000002	4.1049687853851395	211.44411692601852
0.22080000000000002	4.114617214609633	211.63952023860935
0.22100000000000003	4.124280705255621	211.8349322634565
0.2212	4.13395926563824	212.03035300636174
0.2214	4.143652903232439	212.22578247298324
0.22160000000000002	4.153361625891328	212.42122066904292
0.22180000000000002	4.163085441471327	212.61666760026276
0.222	4.17282435783216	212.81212327236466
0.2222	4.182578383211204	213.00758769113503
0.22240000000000001	4.19234752500694	213.20306086221532
0.22260000000000002	4.202131790995417	213.39854279131146
0.22280000000000003	4.211931188955963	213.59403348412923
0.223	4.221745726671196	213.78953294637455
0.2232	4.231575412300724	213.9850411838182
0.22340000000000002	4.241420253166682	214.1805582020849
0.22360000000000002	4.251280256968109	214.37608400686435
0.22380000000000003	4.2611554314073095	214.5716186038462
0.224	4.271045784189853	214.76716199872004
0.2242	4.280951323397584	214.962714197241
0.22440000000000002	4.290872056276419	215.15827520501696
0.22460000000000002	4.300807990448463	215.35384502772126
0.22480000000000003	4.310759133539061	215.54942367102717
0.225	4.320725493176812	215.74501114060803
0.2252	4.330707077365781	215.94060744220303
0.22540000000000002	4.3407038932758475	216.13621258140316
0.22560000000000002	4.350715948452272	216.33182656386523
0.22580000000000003	4.360743250443543	216.52744939524612
0.226	4.370785806801372	216.72308108120262
0.2262	4.380843625452092	216.918721627458
0.22640000000000002	4.3909167134897	217.11437103958616
0.22660000000000002	4.4010050783827195	217.31002932322733
0.22680000000000003	4.411108727602882	217.50569648402177
0.227	4.421227668625124	217.70137252760972
0.2272	4.431361909298103	217.89705745969835
0.22740000000000002	4.441511456640091	218.09275128584432
0.22760000000000002	4.451676318042994	218.28845401167118
0.22780000000000003	4.4618565009019004	218.48416564280254
0.228	4.472052012615082	218.67988618486186
0.22820000000000001	4.482262860953536	218.8756156435401
0.22840000000000002	4.492489052860054	219.07135402437663
0.22860000000000003	4.5027305956500605	219.26710133297823
0.2288	4.51298749664214	219.46285757495156
0.229	4.523259763158047	219.65862275590342
0.22920000000000001	4.53354740289122	219.85439688150828
0.22940000000000002	4.54385042270915	220.0501799572882
0.22960000000000003	4.554168829850924	220.24597198883296
0.2298	4.56450263155877	220.44177298173233
0.23	4.574851835078068	220.63758294157617
0.23020000000000002	4.585216448024756	220.83340187402246
0.23040000000000002	4.595596477191276	221.02922978457573
0.23060000000000003	4.605991929740553	221.22506667880876
0.2308	4.616402812838628	221.4209125622943
0.231	4.626829133654666	221.6167674406051
0.23120000000000002	4.637270899727211	221.81263131938255
0.23140000000000002	4.647728117773909	222.00850420411362
0.23160000000000003	4.658200794881698	222.2043861003539
0.2318	4.668688938140617	222.400277013659
0.232	4.679192554643804	222.59617694958456
0.23220000000000002	4.689711651852546	222.7920859137552
0.23240000000000002	4.700246236409929	222.9880039116402
0.23260000000000003	4.7107963153271	223.1839309487779
0.2328	4.7213618956182835	223.3798670307067
0.233	4.731942984300782	223.57581216296487
0.23320000000000002	4.742539588758693	223.77176635116027
0.23340000000000002	4.753151715560891	223.96772960074438
0.23360000000000003	4.76377937164296	224.16370191723823
0.2338	4.774422563943532	224.35968330616274
0.234	4.785081299404304	224.55567377303896
0.23420000000000002	4.7957555853323885	224.7516733234577
0.23440000000000003	4.806445428222692	224.94768196285264
0.23460000000000003	4.817150834935455	225.14369969672728
0.2348	4.8278718123339495	225.33972653058512
0.23500000000000001	4.838608367284484	225.53576246992975
0.23520000000000002	4.849360507017322	225.73180752033488
0.23540000000000003	4.860128237953745	225.92786168721628
0.2356	4.870911566878903	226.12392497605984
0.2358	4.881710500580958	226.31999739235158
0.23600000000000002	4.892525045851081	226.51607894157746
0.23620000000000002	4.9033552098428554	226.71216962929407
0.23640000000000003	4.914200998904285	226.90826946089905
0.2366	4.9250624197457	227.10437844186075
0.2368	4.935939479080418	227.3004965776475
0.23700000000000002	4.9468321836247435	227.49662387372757
0.23720000000000002	4.957740540455753	227.6927603356403
0.23740000000000003	4.9686645558485605	227.88890596876521
0.2376	4.979604236438962	228.0850607785529
0.2378	4.990559588865723	228.28122477045397
0.23800000000000002	5.001530619770568	228.47739794991892
0.23820000000000002	5.012517336154361	228.67358032246972
0.23840000000000003	5.023519744219613	228.8697718934677
0.2386	5.034537850527882	229.06597266834564
0.2388	5.0455716616436685	229.26218265253624
0.23900000000000002	5.056621184134413	229.45840185147225
0.23920000000000002	5.067686424924871	229.6546302706581
0.23940000000000003	5.0787673901454715	229.85086791543688
0.2396	5.089864086283863	230.04711479122338
0.2398	5.100976519830623	230.2433709034325
0.24000000000000002	5.11210469727924	230.43963625747898
0.24020000000000002	5.123248625478692	230.63591085884968
0.24040000000000003	5.134408310487663	230.83219471286938
0.2406	5.145583758720234	231.02848782493484
0.24080000000000001	5.156774976593389	231.22479020044295
0.24100000000000002	5.167981970527001	231.42110184479048
0.24120000000000003	5.179204747294507	231.61742276344657
0.2414	5.190443312883307	231.8137529617176
0.2416	5.201697673634275	232.0100924449823
0.24180000000000001	5.212967835891157	232.20644121861937
0.24200000000000002	5.224253806000574	232.40279928800757
0.24220000000000003	5.235555590660676	232.59916665859825
0.2424	5.246873195788068	232.7955433356793
0.2426	5.258206627650805	232.99192932461133
0.24280000000000002	5.269555892519778	233.18832463075483
0.24300000000000002	5.280920996668741	233.38472925947042
0.24320000000000003	5.292301946720928	233.58114321619158
0.2434	5.303698748522553	233.77756650618764
0.2436	5.315111408269239	233.973999134801
0.24380000000000002	5.326539932159422	234.17044110737393
0.24400000000000002	5.337984326394374	234.36689242924876
0.24420000000000003	5.349444597522616	234.56335310584106
0.2444	5.360920751320596	234.75982314240156
0.2446	5.372412793911935	234.95630254425433
0.24480000000000002	5.383920731423047	235.15279131672332
0.24500000000000002	5.395444569983155	235.34928946513256
0.24520000000000003	5.406984316066532	235.5457969948796
0.2454	5.418539975380257	235.74231391119648
0.2456	5.4301115539763805	235.9388402193889
0.24580000000000002	5.441699057909725	236.13537592476249
0.24600000000000002	5.453302493237895	236.33192103262283
0.24620000000000003	5.464921866361181	236.52847554834938
0.2464	5.476557182917923	236.72503947715546
0.2466	5.488208448889062	236.92161282432832
0.24680000000000002	5.4998756702582945	237.11819559515513
0.24700000000000003	5.5115588530120725	237.31478779492306
0.24720000000000003	5.523258003477096	237.51138942899337
0.2474	5.534973127223524	237.7080005025606
0.24760000000000001	5.546704230161684	237.9046210208935
0.24780000000000002	5.558451318204626	238.1012509892607
0.24800000000000003	5.570214397268142	238.2978904129309
0.2482	5.581993473605774	238.49453929724703
0.2484	5.593788552720054	238.6911976473849
0.24860000000000002	5.605599640451185	238.88786546859467
0.24880000000000002	5.617426742642074	239.08454276612636
0.24900000000000003	5.629269865138342	239.2812295452301
0.2492	5.641129014120742	239.4779258112305
0.2494	5.653004195024842	239.67463156928454
0.24960000000000002	5.664895413621253	239.87134682462366
0.24980000000000002	5.676802675683276	240.06807158247932
0.25	5.688725986986894	240.264805848083
0.2502	5.7006653536405505	240.46154962674092
0.2504	5.712620781013446	240.65830292359115
0.2506	5.724592274807143	240.85506574384638
0.25079999999999997	5.73657984072588	241.0518380927195
0.251	5.7485834844765495	241.24861997542328
0.2512	5.76060321209571	241.4454113972454
0.2514	5.772639028886881	241.64221236330505
0.2516	5.784690940483159	241.83902287879616
0.25179999999999997	5.796758952520284	242.03584294891283
0.252	5.808843070636633	242.2326725788492
0.2522	5.8209433007973965	242.4295117738743
0.2524	5.833059648241063	242.62636053908844
0.2526	5.845192118532843	242.8232188796667
0.25279999999999997	5.857340717240571	243.02008680078447
0.253	5.869505449934692	243.216964307617
0.2532	5.881686322509454	243.41385140541482
0.2534	5.893883340139104	243.61074809925913
0.2536	5.906096508321601	243.80765439430627
0.25379999999999997	5.9183258325575	244.0045702957127
0.254	5.9305713183499495	244.20149580863497
0.2542	5.942832971522899	244.39843093830487
0.2544	5.95511079718696	244.59537568978456
0.2546	5.967404800773464	244.79233006821153
0.25479999999999997	5.979714987716312	244.9892940787234
0.255	5.992041363451976	245.18626772645774
0.2552	6.0043839337345295	245.38325101662772
0.2554	6.016742703611828	245.5802439542764
0.2556	6.029117678449248	245.77724654452237
0.25579999999999997	6.041508863614712	245.9742587924843
0.256	6.053916264478689	246.17128070328093
0.2562	6.066339886726037	246.3683122821066
0.2564	6.078779735342551	246.56535353398527
0.2566	6.091235815628332	246.7624044640166
0.2568	6.103708132886005	246.95946507730034
0.257	6.1161966924207185	247.15653537893624
0.2572	6.1287014998486455	247.35361537409983
0.2574	6.141222560094386	247.55070506779603
0.2576	6.15375987839348	247.74780446510545
0.2578	6.1663134599839715	247.94491357110886
0.258	6.178883310106403	248.14203239088704
0.2582	6.191469434308908	248.3391609295967
0.25839999999999996	6.204071837455691	248.53629919222348
0.2586	6.216690524718484	248.73344718382924
0.2588	6.229325501271472	248.93060490947556
0.259	6.241976772291329	249.12777237422424
0.2592	6.254644343258801	249.32494958321305
0.25939999999999996	6.267328218978546	249.5221365414086
0.2596	6.280028404559227	249.71933325385362
0.2598	6.292744905111938	249.91653972559067
0.26	6.305477725750243	250.11375596166252
0.2602	6.318226871888119	250.31098196718804
0.26039999999999996	6.330992348271602	250.50821774711463
0.2606	6.343774159947073	250.70546330646596
0.2608	6.356572311963333	250.90271865026557
0.261	6.369386809371622	251.0999837835372
0.2612	6.382217657519875	251.29725871138066
0.26139999999999997	6.395064861096374	251.49454343872424
0.2616	6.407928425086035	251.69183797057252
0.2618	6.4208083544761605	251.88914231192996
0.262	6.433704654256475	252.0864564678012
0.2622	6.446617329709561	252.28378044326712
0.26239999999999997	6.459546385466904	252.48111424323673
0.2626	6.472491826452795	252.67845787269565
0.2628	6.485453657593881	252.87581133662914
0.263	6.498431883819211	253.0731746400228
0.2632	6.511426510346757	253.27054778793843
0.26339999999999997	6.524437541752172	253.46793078526593
0.2636	6.537464982899967	253.66532363697172
0.2638	6.550508838657007	253.86272634802208
0.264	6.56356911389252	254.06013892338342
0.2642	6.576645582828606	254.25756136809846
0.26439999999999997	6.589738538620779	254.454993687038
0.2646	6.602848043829322	254.65243588514934
0.2648	6.615974161034191	254.8498879673796
0.265	6.629116952835055	255.04734993867612
0.2652	6.642276355392873	255.24482180319376
0.26539999999999997	6.655452589403028	255.4423035668701
0.2656	6.668645749150952	255.6397952348505
0.2658	6.68185592895141	255.83729681228016
0.266	6.695083223148573	256.0348083043045
0.2662	6.708328752471442	256.23232971480985
0.26639999999999997	6.721591328513933	256.4298610505151
0.2666	6.734870789023142	256.6274023168803
0.2668	6.748166971698274	256.8249535193653
0.267	6.761479714190623	257.02251466343023
0.2672	6.774808082171388	257.22008575712033
0.26739999999999997	6.788152878009208	257.417666802664
0.2676	6.801514132266899	257.61525780487483
0.2678	6.814891875517349	257.81285876856634
0.268	6.82828613834356	258.0104696985524
0.2682	6.841697053771906	258.20809059933504
0.26839999999999997	6.855124524377488	258.40572147611726
0.2686	6.868568555155624	258.60336233379064
0.2688	6.882029151104001	258.80101317724655
0.269	6.8955063172227	258.99867401137664
0.2692	6.909000060109423	259.19634484114323
0.2694	6.9225103827751555	259.3940256713492
0.2696	6.93603728982815	259.59171650686847
0.2698	6.949580785878893	259.7894173525747
0.27	6.963140875540145	259.9871282133417
0.2702	6.976717563686551	260.18484909411904
0.2704	6.990310854610885	260.38257999968584
0.2706	7.00392075286773	260.58032093489686
0.2708	7.017547263013906	260.7780719046069
0.271	7.031190389608473	260.9758329136709
0.2712	7.044850137467684	261.17360396701935
0.2714	7.0585265108364	261.3713850694124
0.2716	7.072219514216618	261.56917622568596
0.2718	7.0859291521125325	261.7669774406759
0.27199999999999996	7.099655429030557	261.964788719218
0.2722	7.11339834972958	262.1626100662241
0.2724	7.127157918407667	262.36044148643526
0.2726	7.140934139515285	262.5582829846685
0.2728	7.15472701750509	262.75613456574075
0.27299999999999996	7.168536556831925	262.95399623446895
0.2732	7.182362762198194	263.1518679957458
0.2734	7.196205637756464	263.3497498542936
0.2736	7.210065187906801	263.54764181491043
0.2738	7.223941417051424	263.7455438823943
0.27399999999999997	7.23783432959473	263.9434560615433
0.2742	7.251743930183695	264.14137835723113
0.2744	7.265670222926587	264.3393107741612
0.2746	7.279613212174188	264.5372533171128
0.2748	7.293572902279429	264.73520599086504
0.27499999999999997	7.307549297597388	264.9331688001971
0.2752	7.321542097929747	265.13114174996366
0.2754	7.335551688289351	265.3291248448494
0.2756	7.349578149205872	265.5271180896148
0.2758	7.363621561234536	265.72512148902
0.27599999999999997	7.3776820049562115	265.92313504782544
0.2762	7.391759366709411	266.12115876976566
0.2764	7.405853969934895	266.319192660883
0.2766	7.419965943876271	266.51723672619437
0.2768	7.434095417817899	266.71529097071647
0.27699999999999997	7.448242521084933	266.91335539946596
0.2772	7.4624087302747135	267.1114300157439
0.2774	7.476592490936719	267.3095148267117
0.2776	7.490793595581155	267.50760983781515
0.2778	7.505011836655136	267.7057150544999
0.27799999999999997	7.519247006542655	267.9038304822116
0.2782	7.53349804155603	268.101956129528
0.2784	7.5477658038478435	268.30009199797973
0.2786	7.562050299696878	268.4982380922298
0.2788	7.576351535384595	268.6963944169408
0.27899999999999997	7.5906695171951855	268.8945609767755
0.2792	7.605004580556584	269.09273777644023
0.2794	7.6193563203767605	269.29092482054324
0.2796	7.633724660630892	269.4891221137365
0.2798	7.648109525271297	269.6873296606719
0.27999999999999997	7.662510838227435	269.8855474660012
0.2802	7.676928448920416	270.0837755355914
0.2804	7.6913623743307555	270.2820138725756
0.2806	7.705812556947684	270.4802624813019
0.2808	7.720278939243177	270.6785213661185
0.28099999999999997	7.734761463671944	270.87679053137344
0.2812	7.749259087319123	271.07506998235436
0.2814	7.763772984161144	271.27335972223506
0.2816	7.77830334303468	271.47165975512894
0.2818	7.792850352835783	271.6699700851492
0.282	7.807414202519961	271.8682907164092
0.2822	7.821995948288379	272.0666216504687
0.2824	7.836594695350831	272.2649628946328
0.2826	7.851210415960662	272.4633144536534
0.2828	7.865843082363321	272.6616763322821
0.283	7.880492666796389	272.86004853527066
0.2832	7.895159014430096	273.0584310678956
0.2834	7.909842256293257	273.25682393425257
0.2836	7.92454239637698	273.45522713896213
0.2838	7.939259438674358	273.6536406866448
0.284	7.953993387180473	273.85206458192107
0.2842	7.968744246085094	274.0504988294852
0.2844	7.9835120191464375	274.2489434338655
0.28459999999999996	7.998296710317357	274.44739839966417
0.2848	8.01309832355267	274.6458637314833
0.285	8.02791686280916	274.844339433925
0.2852	8.042752332232395	275.0428255116648
0.2854	8.05760473554961	275.24132196921283
0.28559999999999997	8.072474076676796	275.4398288111531
0.2858	8.08736035953187	275.6383460420693
0.286	8.102263588034695	275.8368736665451
0.2862	8.117183766287804	276.0354116892375
0.2864	8.13212089798913	276.2339601146387
0.28659999999999997	8.14707498701921	276.4325189473142
0.2868	8.16204603726051	276.63108819182946
0.287	8.177034052597428	276.82966785274994
0.2872	8.192039037090876	277.028257934714
0.2874	8.207060994410936	277.226858442196
0.28759999999999997	8.222099928404141	277.425469379743
0.2878	8.237155842918963	277.6240907519025
0.288	8.252228741805759	277.82272256322153
0.2882	8.26731862908513	278.0213648183201
0.2884	8.28242550840093	278.2200175216545
0.28859999999999997	8.297549383567187	278.41868067775385
0.2888	8.312690258399842	278.6173542911474
0.289	8.327848136716703	278.816038366364
0.2892	8.343023022499459	279.0147329080052
0.2894	8.358214919367335	279.21343792050965
0.28959999999999997	8.373423831103356	279.4121534083883
0.2898	8.388649761492434	279.61087937615224
0.29	8.403892714321355	279.80961582831236
0.2902	8.41915269353421	280.0083627694518
0.2904	8.434429702727325	280.20712020399145
0.29059999999999997	8.449723745654289	280.4058881364244
0.2908	8.46503482607055	280.6046665712437
0.291	8.480362947733406	280.80345551294215
0.2912	8.495708114550922	281.00225496608465
0.2914	8.511070330098084	281.20106493507444
0.29159999999999997	8.52644959810059	281.39988542438675
0.2918	8.54184592228598	281.5987164384967
0.292	8.557259306383632	281.7975579818792
0.2922	8.57268975426692	281.99641005908086
0.2924	8.588137269491323	282.19527267448746
0.29259999999999997	8.603601855756256	282.3941458325564
0.2928	8.61908351676297	282.59302953774494
0.293	8.634582256214536	282.79192379451024
0.2932	8.650098077951197	282.99082860738065
0.2934	8.665630985510607	283.18974398072464
0.29359999999999997	8.681180982567527	283.3886699189818
0.2938	8.696748072798549	283.5876064265918
0.294	8.712332259882068	283.7865535079939
0.2942	8.72793354762671	283.98551116769846
0.2944	8.743551939554079	284.18447941005667
0.2946	8.759187439315946	284.38345823949044
0.2948	8.7748400505659	284.58244766042174
0.295	8.790509776959327	284.7814476772724
0.2952	8.806196622274761	284.98045829453457
0.2954	8.821900590019586	285.17947951654236
0.2956	8.837621683824283	285.3785113477001
0.2958	8.853359907321146	285.5775537924124
0.296	8.869115264144233	285.77660685508334
0.2962	8.884887758043638	285.9756705401872
0.2964	8.900677392514298	286.1747448520411
0.2966	8.916484171167117	286.373829795032
0.2968	8.932308097614788	286.5729253735469
0.297	8.948149175471775	286.7720315919726
0.2972	8.964007408461265	286.9711484547655
0.2974	8.97988280006768	287.1702759662258
0.2976	8.995775353884103	287.3694141307231
0.2978	9.011685073505404	287.56856295262713
0.298	9.027611962528216	287.76772243630745
0.29819999999999997	9.043556024650513	287.9668925862025
0.2984	9.059517263348043	288.1660734065959
0.2986	9.075495682197852	288.36526490184
0.2988	9.091491284778753	288.5644670762873
0.299	9.107504074671311	288.7636799342901
0.29919999999999997	9.12353405554996	288.96290348026923
0.2994	9.13958123088371	289.16213771849175
0.2996	9.155645604235369	289.3613826532928
0.2998	9.171727179169526	289.56063828900795
0.3	9.18782595925249	289.75990462997225
0.30019999999999997	9.203941948136853	289.95918168058904
0.3004	9.220075149286833	290.15846944510884
0.3006	9.23622556625286	290.35776792785
0.3008	9.252393202587113	290.5570771331308
0.301	9.268578061843508	290.75639706526965
0.30119999999999997	9.284780147654523	290.9557277286523
0.3014	9.300999463481565	291.1550691275129
0.3016	9.317236012864555	291.35442126615294
0.3018	9.33348979934516	291.55378414887406
0.302	9.349760826466762	291.75315777997764
0.30219999999999997	9.366049097843558	291.9525421638321
0.3024	9.382354616936082	292.1519373046555
0.3026	9.398677387275626	292.3513432067325
0.3028	9.415017412395231	292.55075987434816
0.303	9.43137469582963	292.75018731178704
0.30319999999999997	9.447749241176414	292.9496255234004
0.3034	9.464141051897407	293.14907451339025
0.3036	9.480550131517232	293.3485342860247
0.3038	9.496976483562236	293.5480048455721
0.304	9.51342011156047	293.74748619630066
0.30419999999999997	9.529881019094908	293.94697834254436
0.3044	9.546359209630559	294.1464812884894
0.3046	9.5628546866873	294.34599503838746
0.3048	9.579367453786734	294.54551959649046
0.305	9.595897514452156	294.7450549670502
0.30519999999999997	9.61244487225361	294.94460115438363
0.3054	9.629009530661534	295.1441581626612
0.3056	9.645591493193093	295.34372599611845
0.3058	9.662190763367141	295.54330465899096
0.306	9.67880734470422	295.74289415551414
0.30619999999999997	9.695441240763483	295.9424944899882
0.3064	9.712092455022793	296.142105666568
0.3066	9.728760990998559	296.34172768947286
0.3068	9.745446852208914	296.54136056292236
0.307	9.762150042173655	296.74100429113577
0.3072	9.778870564442867	296.94065887839645
0.3074	9.795608422504046	297.14032432884403
0.3076	9.812363619874919	297.3400006466818
0.3078	9.82913616007492	297.53968783611333
0.308	9.845926046625157	297.73938590134196
0.3082	9.862733283068593	297.9390948466344
0.3084	9.879557872904535	298.13881467611515
0.3086	9.896399819654102	298.33854539397163
0.3088	9.913259126840119	298.53828700439163
0.309	9.93013579798707	298.73803951156265
0.3092	9.947029836632849	298.93780291973496
0.3094	9.963941246290691	299.13757723301796
0.3096	9.980870030487203	299.33736245558356
0.3098	9.997816192750676	299.53715859160377
0.31	10.014779736611073	299.7369656452505
0.3102	10.031760665603146	299.9367836207577
0.3104	10.048758983256358	300.13661252222
0.3106	10.065774693104922	300.33645235379373
0.31079999999999997	10.082807798684737	300.5363031196354
0.311	10.099858303533388	300.7361648239017
0.3112	10.116926211184534	300.93603747081005
0.3114	10.134011525186093	301.13592106444065
0.3116	10.151114249082033	301.3358156089344
0.31179999999999997	10.168234386418032	301.5357211084327
0.312	10.185371940741424	301.7356375670767
0.3122	10.202526915586917	301.935564989068
0.3124	10.219699314523075	302.1355033784722
0.3126	10.236889141105806	302.3354527394153
0.31279999999999997	10.2540963988927	302.53541307602325
0.313	10.271321091443042	302.7353843924223
0.3132	10.288563222294515	302.9353666927981
0.3134	10.30582279503878	303.13535998120204
0.3136	10.32309981324591	303.33536426174516
0.31379999999999997	10.34039428048766	303.53537953853856
0.314	10.357706200337452	303.7354058156934
0.3142	10.375035576338279	303.93544309737973
0.3144	10.392382412107025	304.1354913876349
0.3146	10.409746711230138	304.3355506905551
0.31479999999999997	10.42712847729574	304.5356210102368
0.315	10.444527713893628	304.7357023507763
0.3152	10.461944424574103	304.9357947163282
0.3154	10.479378612981742	305.13589811091595
0.3156	10.496830282721625	305.3360125386212
0.31579999999999997	10.514299437400524	305.53613800352593
0.316	10.531786080626864	305.7362745097118
0.3162	10.549290215960465	305.93642206131796
0.3164	10.566811847075945	306.13658066235445
0.3166	10.584350977599303	306.3367503168885
0.31679999999999997	10.601907611158223	306.5369310289876
0.317	10.619481751382057	306.73712280271917
0.3172	10.637073401842379	306.93732564220716
0.3174	10.654682566246189	307.1375395514481
0.3176	10.672309248242712	307.3377645344953
0.31779999999999997	10.68995345148285	307.53800059540185
0.318	10.70761517961918	307.73824773822105
0.3182	10.725294436237242	307.9385059670619
0.3184	10.74299122507885	308.13877528590785
0.3186	10.760705549818763	308.33905569879806
0.3188	10.778437414133437	308.5393472097718
0.319	10.79618682170101	308.73964982286833
0.3192	10.813953776201279	308.93996354212686
0.3194	10.831738281315735	309.1402883715867
0.3196	10.849540340727533	309.34062431528696
0.3198	10.867359958121517	309.540971377267
0.32	10.885197137184207	309.74132956156603