4.00000001e-15	6.302945748716805e-26	4.351707029680875e-12
4.73000011e-15	6.302945614818121e-25	4.385181901361303e-12
4.7599999e-15	6.302945614818122e-24	4.407498337424682e-12
4.91000012e-15	6.302945960723054e-23	4.546975920553448e-12
6.99000006e-15	7.551104552555234e-22	6.471769917429146e-12
9.89999996e-15	8.736777248382057e-21	9.149743617496096e-12
2.71999999e-14	1.0609016168266013e-19	2.5161794911850037e-11
1.27e-13	3.632001829948672e-18	1.1827716915866996e-10
6.93000019e-13	1.185672907833073e-16	6.415978632001786e-10
6.29500011e-12	6.08078550546753e-15	5.824592948002679e-9
1.58099991e-11	3.1003124302611025e-14	1.4628431042178087e-8
3.97200016e-11	1.517072015175184e-13	3.6749608457933496e-8
9.97599989e-11	7.182883240348137e-13	9.22785101539835e-8
2.50600013e-10	3.286319950903816e-12	2.318678910957376e-7
6.29399977e-10	1.4465520754295918e-11	5.824592479357286e-7
1.581e-9	6.08770373800491e-11	1.4628431488507032e-6
3.97200006e-9	2.44063831733988e-10	3.6755189243472444e-6
4.99999997e-9	3.281968243695604e-10	4.626757397902255e-6
9.97599958e-9	8.955255713010489e-10	9.233429602767239e-6
1.98999999e-8	2.3919883842892214e-9	0.000018422227181432718
3.97199997e-8	6.278062742691364e-9	0.00003676076869002455
7.9240003e-8	1.6250836532024102e-8	0.00007336532325373801
1.58099994e-7	4.16625735326936e-8	0.00014639588819459942
1.98999999e-7	5.453023833965633e-8	0.00018433386074536936
3.15499989e-7	1.0165922706985048e-7	0.00029217806962731534
4.99999999e-7	1.8903147176969427e-7	0.00046312206427136807
6.29400006e-7	2.5767685114929705e-7	0.0005830171702744923
7.92399987e-7	3.1427137022985945e-7	0.0007342111002008481
9.97599955e-7	4.2810757754965417e-7	0.000924458816112475
1.58099999e-6	7.937960432939077e-7	0.0014650748047310871
2.5060001e-6	1.4703190805623745e-6	0.002323142055344789
3.97199983e-6	2.7221601762999334e-6	0.003682771814327159
4.99999987e-6	3.533363099754519e-6	0.0046373577214907395
6.29399983e-6	4.806516235215354e-6	0.005835750937290783
7.92399987e-6	6.540169783530463e-6	0.007353269471100201
9.976e-6	8.892769939745593e-6	0.00925574675295693
0.00001256	0.000012094398348582906	0.011660343673287213
0.0000158099992	0.000015620397121178308	0.014678642936844455
0.0000199000006	0.00002124302644498996	0.018483597411292123
0.0000250600006	0.000028880830841330063	0.02327605434054899
0.0000315500001	0.00003712564126311091	0.02931265286766347
0.0000397199983	0.00005047980272260657	0.03691698437848694
0.0000499999987	0.0000686465036822138	0.046485161459495654
0.000062940002	0.00009329613847355502	0.058524884735550106
0.0000792400024	0.00012686900357063158	0.07375585817897791
0.00009976	0.00016207320464182103	0.09283642021870118
0.000110499997	0.00018047310421780854	0.10287881834411962
0.000125599996	0.00020531130997545192	0.1169381856728409
0.000158099996	0.0002791452756081232	0.14728854831510826
0.000199000002	0.0003629546942646731	0.18550547199285877
0.0002	0.0003652384152474528	0.18644716405927889
0.0004	0.0006262604014190508	0.3753736917135363
0.0006000000000000001	0.0007784742961326266	0.5634026874822423
0.0008	0.0009467173656193651	0.7514848416127181
0.001	0.0011317941540947497	0.9396108779240566
0.0012000000000000001	0.0013326704734277837	1.1277752121228903
0.0014000000000000002	0.0015480908292880532	1.3159739706968656
0.0016	0.0017770930247689755	1.5042044358989264
0.0018000000000000002	0.0020185931127895467	1.6924645445615436
0.002	0.002271522239714266	1.880752194127405
0.0022	0.0025348059899323603	2.069065291759293
0.0024000000000000002	0.0028073686167788825	2.257401744619987
0.0026000000000000003	0.003089244731550863	2.4457599606995184
0.0028000000000000004	0.003383446849133654	2.6341411351100197
0.003	0.0036871797929746886	2.8225440251402256
0.0032	0.004000013922799037	3.010967840145496
0.0034000000000000002	0.004321519158885375	3.1994117894811893
0.0036000000000000003	0.004651265000061513	3.387875082502665
0.0038000000000000004	0.004988140224277163	3.5763558860349463
0.004	0.005332169136056056	3.764854108080608
0.0042	0.005683480661405355	3.953369816885597
0.0044	0.006041845149377414	4.141902531402885
0.0046	0.006407032752651256	4.330451770585442
0.0048	0.006778779524274093	4.519016989626627
0.005	0.007156529548103297	4.707597095222945
0.0052	0.007540498073973395	4.89619244434897
0.0054	0.007930533977223174	5.084802705172031
0.0056	0.008326486018744942	5.273427545859452
0.0058	0.00872820284763578	5.462066634578562
0.006	0.009135415056068168	5.650719411634885
0.0062	0.009548001826845665	5.839385604701379
0.0064	0.009965966349473552	6.028065181099496
0.0066	0.010389201500452912	6.216757895145402
0.0068	0.01081760008406673	6.405463501155265
0.007	0.011251054833770046	6.594181753445255
0.0072	0.011689321202614757	6.782912142101432
0.0074	0.012132449724637267	6.97165472565558
0.0076	0.012580368317771413	7.160409326534038
0.0078	0.01303299819410324	7.349175754342827
0.008	0.013490260517091127	7.537953818687973
0.0082	0.013952034761543292	7.726743252730708
0.008400000000000001	0.014418227868434594	7.915543840175031
0.008600000000000002	0.014888845363424337	8.104355545758345
0.0088	0.015363828889490947	8.29317821698979
0.009000000000000001	0.015843120055170214	8.482011701378514
0.009200000000000002	0.01632666043502483	8.670855846433659
0.0094	0.01681432996546559	8.859710384935553
0.009600000000000001	0.01730613102886895	9.048575277790288
0.009800000000000001	0.017802032730207803	9.237450423950108
0.01	0.01830199124024107	9.426335698323193
0.0102	0.018789003308452384	9.61520993899811
0.010400000000000001	0.019279903509384105	9.804093523412893
0.010600000000000002	0.019774661298991157	9.992986364390571
0.0108	0.020273245645470346	10.181888374754159
0.011000000000000001	0.020775625500891157	10.370799467326687
0.011200000000000002	0.021281769801338484	10.559719554931176
0.0114	0.021791647467055517	10.748648550390646
0.011600000000000001	0.022305227402586687	10.937586366528125
0.011800000000000001	0.02282247849692057	11.126532916166633
0.012	0.023343369623632943	11.315488112129193
0.0122	0.023867840665861468	11.504451823163947
0.012400000000000001	0.024395896680901502	11.69342401718752
0.012600000000000002	0.02492751374423896	11.882404618041656
0.0128	0.025462667919221766	12.0713935495681
0.013000000000000001	0.02600133525715604	12.260390735608595
0.013200000000000002	0.02654346871297636	12.449396063324844
0.0134	0.027089073165972564	12.638409502408642
0.013600000000000001	0.0276381304057156	12.827430985871745
0.013800000000000002	0.028190622212219785	13.016460446725908
0.014000000000000002	0.028746530356007185	13.205497817982884
0.0142	0.029305818116197608	13.394543001785975
0.014400000000000001	0.029868490344045696	13.583595969732501
0.014600000000000002	0.03043453340459766	13.772656662551332
0.0148	0.03100393365531733	13.961725020971333
0.015000000000000001	0.0315766774461289	14.150800985721375
0.015200000000000002	0.03215277489735594	14.33988447130536
0.0154	0.03273218262328577	14.528975451233359
0.015600000000000001	0.03331488100579331	14.718073872790484
0.0158	0.03390085041843859	14.907179683261841
0.016	0.03449007122652133	15.09629282993254
0.0162	0.035082591691229716	15.28541323989863
0.016399999999999998	0.03567830728762079	15.474540885681545
0.0166	0.03627718137603538	15.663675719613662
0.0168	0.036879177305262856	15.852817694027348
0.017	0.03748425841263299	16.041966761254983
0.0172	0.03809227544894134	16.231122860587977
0.0174	0.03870333243654026	16.420285960659903
0.0176	0.03931742083084595	16.60945601706338
0.0178	0.039934532082534106	16.798632985391016
0.018	0.040554657637560006	16.987816821235427
0.0182	0.041177777744336404	17.17700746329123
0.0184	0.04180389782897826	17.36620488827353
0.0186	0.04243301212269722	17.555409055999448
0.0188	0.04306511485291819	17.7446199262861
0.019	0.04370020024329165	17.933837458950592
0.0192	0.044338254269543555	18.1230615988914
0.0194	0.04497928145186061	18.312292324573946
0.0196	0.04562327806451371	18.501529599544998
0.019799999999999998	0.04627024037870159	18.69077338735134
0.02	0.046920164662558064	18.880023651539744
0.0202	0.047573042095982836	19.069280342480287
0.0204	0.048228875296667376	19.25854344019062
0.0206	0.048887661795465664	19.447812911511694
0.0208	0.04954939912065181	19.637088723284457
0.021	0.05021408479792447	19.82637084234986
0.0212	0.05088171036227702	20.01565922394042
0.0214	0.05155228081860996	20.20495384940763
0.0216	0.0522257951825496	20.394254688494552
0.0218	0.052902252467634	20.583561710944238
0.022	0.05358165168531469	20.77287488649975
0.0222	0.05426398581088934	20.96219417455156
0.0224	0.05494926139344178	21.151519557783455
0.0226	0.055637478947254654	21.340851008526656
0.0228	0.056328638984976726	21.53018849911237
0.023	0.05702274201762221	21.719532001871798
0.0232	0.05771978165550285	21.90888147982778
0.0234	0.058419767029377866	22.09823691694699
0.0236	0.05912270037070764	22.28759828788773
0.023799999999999998	0.05982858390978024	22.476965567308294
0.024	0.06053741987570856	22.66633872986699
0.0242	0.06124922008160461	22.855717741755925
0.0244	0.06196397477329916	23.045102588216142
0.0246	0.06268168377967426	23.234493246022485
0.0248	0.06340234692811668	23.423889691949796
0.025	0.06412596404451831	23.613291902772936
0.0252	0.06485257521803556	23.8026998481471
0.0254	0.0655821299436236	23.992113513746688
0.0256	0.06631461797434864	24.181532878126472
0.0258	0.06705002906008369	24.3709579198412
0.026	0.06778835294752039	24.560388617445632
0.0262	0.06852953103241363	24.749824944658922
0.0264	0.06927361348594745	24.93926688608034
0.0266	0.0700206021350678	25.128714421473546
0.0268	0.0707704988057884	25.31816753060221
0.027	0.07152330532318864	25.507626193229985
0.0272	0.07227902016713615	25.69709038307787
0.0274	0.07303764934076619	25.88656008746287
0.0276	0.07379919550271062	26.076035287659302
0.027800000000000002	0.07456366131089606	26.265515964941507
0.028	0.07533104942254132	26.455002100583805
0.0282	0.07610135958524182	26.64449367032822
0.0284	0.07687459809056954	26.833990662364474
0.0286	0.07765076832109456	27.023493059349967
0.0288	0.07842987365887737	27.213000843942112
0.029	0.07921191748546577	27.402513998798316
0.0292	0.07999690637190922	27.592032501500356
0.0294	0.08078483971130004	27.781556341050173
0.0296	0.08157572008605363	27.97108550137409
0.0298	0.08236955007800478	28.16061996639842
0.03	0.08316633226840561	28.350159720049476
0.0302	0.08396606010130842	28.539704741772393
0.0304	0.08476874757677726	28.729255021094964
0.0306	0.08557439955901988	28.918810543063802
0.0308	0.08638302091209954	29.108371292725526
0.031	0.08719461649993128	29.297937255126737
0.0312	0.08800918761787668	29.487508410967703
0.031400000000000004	0.08882674358967163	29.67708475072798
0.0316	0.08964729017113206	29.866666260540757
0.0318	0.09047083311812393	30.05625292653924
0.032	0.09129737818655922	30.245844734856632
0.0322	0.09212694286639359	30.435441667566806
0.0324	0.09295951824683657	30.62504371587712
0.0326	0.09379510714989693	30.814650866935605
0.0328	0.09463371239720476	31.004263107890303
0.033	0.09547533681000954	31.193880425889233
0.0332	0.09631997940383581	31.383502804724486
0.0334	0.09716764775548697	31.573130235739033
0.0336	0.09801834563665206	31.762762706919887
0.033800000000000004	0.09887207681883634	31.952400206254076
0.034	0.09972884507335895	32.14204272172861
0.0342	0.10058864358987799	32.331690238153655
0.0344	0.10145148936535574	32.5213427474873
0.0346	0.10231738881649383	32.711000238510785
0.0348	0.10318634836026468	32.900662700005334
0.035	0.10405837441390788	33.09033012075219
0.0352	0.1049334815814251	33.28000248632652
0.0354	0.1058116660479259	33.46967978951712
0.0356	0.10669293218446786	33.65936201990675
0.0358	0.10757728436209452	33.84904916707816
0.036	0.10846472695183287	34.03874122061407
0.0362	0.10935526676753274	34.22843816737234
0.0364	0.1102489051267183	34.41814000034184
0.0366	0.11114564578957951	34.607846709786564
0.0368	0.11204549251623071	34.79755828597048
0.037	0.11294844906670873	34.98727471915757
0.037200000000000004	0.11385448475965548	35.17699599716633
0.0374	0.11476364640421725	35.36672211331758
0.0376	0.11567594637221577	35.55645305848669
0.0378	0.11659139703673921	35.74618882354899
0.038	0.11751001077213664	35.935929399379845
0.0382	0.11843184722921381	36.12567477371385
0.038400000000000004	0.1193568596938661	36.31542494135229
0.0386	0.12028504872321105	36.505179893955706
0.0388	0.12121641487387227	36.694939623184645
0.039	0.12215095870197908	36.88470412069963
0.0392	0.12308866776049701	37.07447337643766
0.0394	0.12402955885699923	37.26424738421372
0.0396	0.12497363579744582	37.454026136119225
0.0398	0.12592090238781684	37.6438096242456
0.04	0.12687136243411098	37.833597840684284
0.0402	0.12782500066108354	38.02339077561225
0.0404	0.12878184472504153	38.21318842351399
0.040600000000000004	0.12974190320327447	38.40299077695955
0.0408	0.1307051846738244	38.592797828518954
0.041	0.13167169771548257	38.78260957076225
0.0412	0.13264146591442186	38.97242599402729
0.0414	0.13361447909353283	39.16224709367435
0.0416	0.1345907420815288	39.35207286283152
0.041800000000000004	0.13557025970734465	39.54190329462689
0.042	0.13655303680013497	39.73173838218853
0.0422	0.1375390706215187	39.92157811691684
0.0424	0.13852837546024083	40.11142249409953
0.0426	0.13952095803842807	40.301271507296605
0.0428	0.14051682507872648	40.491125150068086
0.043000000000000003	0.1415159833042992	40.68098341597398
0.0432	0.14251842529479394	40.87084629679223
0.0434	0.14352417545348473	41.06071378831044
0.0436	0.1445332440417634	41.25058588453411
0.0438	0.1455456413220748	41.44046257946878
0.044	0.14656137755791343	41.630343867119976
0.0442	0.1475805011026102	41.82022973951533
0.0444	0.1486029746131143	42.01012019313272
0.0446	0.14962879883217084	42.20001522247217
0.0448	0.1506579745022221	42.38991482203366
0.045	0.15169050236540768	42.5798189863172
0.045200000000000004	0.15272636701340764	42.769727708801724
0.0454	0.15376558937440338	42.959640985263555
0.0456	0.15480817422791338	43.14955881045798
0.0458	0.1558541263537496	43.33948117914028
0.046	0.15690345053201626	43.5294080860657
0.0462	0.15795612436461354	43.71933952469002
0.046400000000000004	0.15901218660360528	43.909275491392904
0.0466	0.1600716488258338	44.09921598125448
0.0468	0.1611345226094214	44.28916098935492
0.047	0.16220081953376705	44.47911051077435
0.0472	0.16327059140727707	44.669064538808115
0.0474	0.16434379952967737	44.859023070767385
0.0476	0.16542044542549672	45.04898610217852
0.0478	0.1665005306191337	45.238953628567856
0.048	0.16758405663485684	45.42892564546175
0.0482	0.1686709670436339	45.61890214753174
0.0484	0.16976133580731922	45.80888313137271
0.048600000000000004	0.1708551789406663	45.99886859272472
0.0488	0.17195251246035875	46.18885852732783
0.049	0.17305335238500694	46.3788529309221
0.0492	0.17415779889614316	46.56885179728467
0.0494	0.17526576282009687	46.75885512460926
0.0496	0.17637723913732484	46.94886290912666
0.049800000000000004	0.1774922228272749	47.138875147067665
0.05	0.17861070886838698	47.32889183466306
0.0502	0.179732632655891	47.518912967946164
0.0504	0.1808580636403054	47.708938543394616
0.0506	0.18198701169522133	47.898968557288576
0.0508	0.183119486695315	48.08900300590821
0.051000000000000004	0.1842554985163458	48.27904188553369
0.0512	0.18539504821783762	48.46908519111329
0.0514	0.18653815669877483	48.659132920592015
0.0516	0.1876848360429	48.849185070583
0.0518	0.18883509833536374	49.03924163769938
0.052000000000000005	0.18998895566272248	49.22930261855428
0.0522	0.1911464626574115	49.419368008337514
0.0524	0.19230757823074218	49.60943780544136
0.0526	0.1934723038355397	49.799512006834775
0.0528	0.1946406409245764	49.98959060948671
0.053	0.19581259095057157	50.17967361036614
0.053200000000000004	0.19698811427178176	50.36976100588536
0.0534	0.1981672637063206	50.55985279370914
0.0536	0.19935005098214406	50.74994897094561
0.0538	0.20053648782858696	50.94004953470289
0.054	0.20172658597636128	51.1301544820891
0.0542	0.2029204143144483	51.32026380893869
0.054400000000000004	0.2041179131336049	51.51037751395188
0.0546	0.2053190798770018	51.700495594555214
0.0548	0.20652391198723263	51.89061804817522
0.055	0.20773240690631467	52.080744872238455
0.0552	0.208944484391706	52.2708760639865
0.055400000000000005	0.21016023898456213	52.46101162107709
0.055600000000000004	0.21137968754951894	52.651151540983015
0.0558	0.2126028469533126	52.841295821177056
0.056	0.21382973406477757	53.031444459132
0.0562	0.21506041518526964	53.2215974507823
0.0564	0.21629484540269994	53.41175479552365
0.056600000000000004	0.21753302923249307	53.601916491213416
0.0568	0.2187749711904983	53.792082535708964
0.057	0.22002067579298912	53.98225292686765
0.0572	0.22127016624099055	54.172427661939885
0.0574	0.22252342369731273	54.36260673954173
0.0576	0.2237804480076316	54.55279015768231
0.057800000000000004	0.22504123901741793	54.74297791437073
0.058	0.22630579657193742	54.933170007616084
0.0582	0.2275740447374836	55.12336643516802
0.0584	0.228846078077831	55.313567195359994
0.0586	0.23012191538556664	55.50377228626598
0.058800000000000005	0.23140157545566445	55.69398170595995
0.059000000000000004	0.23268507708548358	55.884195452515876
0.0592	0.23397253606882373	56.07441352249795
0.0594	0.23526384997097222	56.26463591586739
0.0596	0.23655901334382193	56.45486263107563
0.0598	0.2378580207383704	56.64509366657409
0.060000000000000005	0.23916086670472037	56.83532902081421
0.060200000000000004	0.24046744891905056	57.02556869240162
0.0604	0.24177788301519873	57.21581267959498
0.0606	0.24309218776296107	57.406060980807176
0.0608	0.2444103819345313	57.59631359445106
0.061	0.24573248430449932	57.78657051893951
0.061200000000000004	0.24705858345159576	57.97683175126952
0.0614	0.24838861090711467	58.16709729162381
0.0616	0.2497225679994613	58.35736713876924
0.0618	0.2510604560570912	58.54764129147265
0.062	0.2524022764085107	58.73791974850089
0.0622	0.253748020621174	58.92820250837988
0.062400000000000004	0.255097702224478	59.11848957017764
0.0626	0.25645132498777523	59.308780932721234
0.06280000000000001	0.25780889268080437	59.49907659483776
0.06300000000000001	0.25917040907368966	59.689376555354286
0.0632	0.26053583758523213	59.87968081271567
0.06340000000000001	0.2619052324235583	60.0699893662268
0.0636	0.2632786074495935	60.260302214810274
0.06380000000000001	0.2646559765260223	60.45061935738876
0.06400000000000002	0.2660373535172865	60.64094079288489
0.06420000000000001	0.2674227873089088	60.8312665192356
0.06440000000000001	0.26881224799672737	61.02159653659566
0.0646	0.27020574069416753	61.211930844134095
0.06480000000000001	0.2716032705152472	61.40226944102
0.065	0.27300484257457563	61.59261232642241
0.06520000000000001	0.27441044670068127	61.782959499099746
0.06540000000000001	0.27582010711677923	61.97331095873438
0.0656	0.27723383276157826	62.16366670459803
0.06580000000000001	0.2786516325749031	62.35402673596243
0.066	0.28007351549769416	62.544391052099286
0.06620000000000001	0.2814995423090665	62.73475965165968
0.06640000000000001	0.2829296571589066	62.92513253469116
0.0666	0.28436385603006514	63.11550970062061
0.06680000000000001	0.2858021349047717	63.305891148874956
0.067	0.2872444897646343	63.496276878881055
0.06720000000000001	0.28869080579527473	63.686666890234754
0.06740000000000002	0.2901412174647334	63.877061182151785
0.06760000000000001	0.291595748456264	64.06745975401681
0.06780000000000001	0.2930544224562314	64.2578626052145
0.068	0.2945172631541112	64.4482697351295
0.06820000000000001	0.2959844224860914	64.63868114170205
0.0684	0.29745576385087297	64.82909682612237
0.06860000000000001	0.29893127888099635	65.01951678813624
0.06880000000000001	0.30041095920782096	65.20994102748946
0.069	0.30189479646152495	65.4003695439278
0.06920000000000001	0.30338264757667177	65.5908023376462
0.0694	0.3048746725411968	65.78123940782898
0.06960000000000001	0.30637089666100426	65.97168075410967
0.06980000000000001	0.3078713452453441	66.16212637612173
0.07	0.30937604360681253	66.35257627349866
0.07020000000000001	0.310885152680871	66.5430304444068
0.0704	0.3123985282703418	66.73348889031358
0.07060000000000001	0.3139161617873105	66.92395161121931
0.07080000000000002	0.3154380446426743	67.11441860712428
0.07100000000000001	0.31696416824614093	67.30488987802873
0.07120000000000001	0.31849442326176564	67.49536542441021
0.0714	0.3200289270215431	67.68584524567245
0.07160000000000001	0.32156769612195846	67.87632934169648
0.0718	0.32311074716168864	68.06681771236323
0.07200000000000001	0.3246580967416038	68.25731035755373
0.07220000000000001	0.32620977580154187	68.4478072762264
0.0724	0.3277657830265963	68.63830846941539
0.07260000000000001	0.3293261314394433	68.82881393723238
0.0728	0.33089083406448905	69.01932367978894
0.07300000000000001	0.3324599039278716	69.20983769719672
0.07320000000000002	0.3340334687690138	69.4003559888754
0.0734	0.33561139823480285	69.59087855580151
0.07360000000000001	0.33719367667387595	69.78140539825972
0.0738	0.33878028843275454	69.97193651653458
0.07400000000000001	0.34037121785584606	70.16247191091075
0.07420000000000002	0.34196619546601054	70.35301158253804
0.07440000000000001	0.34356552286279246	70.54355553061954
0.07460000000000001	0.3451692478497666	70.73410375522357
0.0748	0.34677741823691866	70.92465625641844
0.07500000000000001	0.34839008184064557	71.11521303427246
0.0752	0.35000752392521783	71.30577408634481
0.07540000000000001	0.35162949553191675	71.49633941584021
0.07560000000000001	0.3532559851260938	71.68690902345426
0.0758	0.35488698117157697	71.87748290988253
0.07600000000000001	0.3565224721306712	72.06806107582064
0.0762	0.3581625209170621	72.2586435226357
0.07640000000000001	0.3598070229282913	72.44923025018389
0.07660000000000002	0.361455948005709	72.63982125899291
0.07680000000000001	0.36310926598661486	72.83041654959044
0.07700000000000001	0.36476694670425774	73.02101612250421
0.0772	0.3664284436752063	73.21161997986283
0.07740000000000001	0.36809437208499396	73.40222812019287
0.07760000000000002	0.3697648308545732	73.59284054362179
0.07780000000000001	0.37143991891821215	73.78345725027705
0.07800000000000001	0.37311973522349573	73.97407824028613
0.0782	0.37480508764039255	74.16470350878008
0.07840000000000001	0.37649518904839974	74.3553330621319
0.0786	0.3781899611780832	74.54596690171817
0.07880000000000001	0.37988932574954604	74.73660502891546
0.07900000000000001	0.3815932044724228	74.92724744510036
0.0792	0.3833010089388399	75.11789415570108
0.07940000000000001	0.3850132984412856	75.30854515702964
0.0796	0.3867301222061158	75.4992004494497
0.07980000000000001	0.3884515294663342	75.68986003332493
0.08000000000000002	0.3901775694615938	75.880523909019
0.08020000000000001	0.3919083523507511	76.07119207450022
0.08040000000000001	0.3936438512495678	76.26186453312643
0.0806	0.3953841001870147	76.45254128586012
0.08080000000000001	0.39712913319671955	76.64322233366381
0.08100000000000002	0.3988789843169683	76.83390767750001
0.08120000000000001	0.4006336544446861	77.0245973167649
0.08140000000000001	0.4023932190579783	77.21529125437887
0.0816	0.4041577204970721	77.40598949169595
0.08180000000000001	0.40592720110802377	77.59669203007023
0.082	0.4077017032427209	77.78739887085575
0.08220000000000001	0.4094817134669805	77.97811001349638
0.08240000000000001	0.41126671891048366	78.16882546173395
0.0826	0.4130566508718776	78.35954521740011
0.08280000000000001	0.41485144064064655	78.55026928232651
0.083	0.41665101949710504	78.74099765834475
0.08320000000000001	0.4184548823590698	78.93173035073289
0.08340000000000002	0.4202635059043821	79.12246735701456
0.08360000000000001	0.4220769304925307	79.3132086781598
0.08380000000000001	0.4238951964885417	79.50395431513866
0.084	0.42571834426298066	79.69470426892116
0.08420000000000001	0.42754633969216904	79.88545853866914
0.08440000000000002	0.429379316277984	80.07621712761294
0.08460000000000001	0.4312173330357899	80.2669800371746
0.08480000000000001	0.43306044898908125	80.45774726877627
0.085	0.434908723169486	80.64851882384002
0.08520000000000001	0.436762217131924	80.83929470117499
0.0854	0.4386209867803903	81.03007490546948
0.08560000000000001	0.4404850905421373	81.22085943879887
0.08580000000000002	0.4423545868525583	81.41164830323848
0.08600000000000001	0.4442295341551958	81.60244150086366
0.08620000000000001	0.4462180256787672	81.79323903125393
0.0864	0.44818508285951786	81.98404089960442
0.08660000000000001	0.45010375086897314	82.17484710861447
0.08680000000000002	0.45194707119681643	82.36565766098336
0.08700000000000001	0.45368808164686675	82.5564725594104
0.08720000000000001	0.4550872957244238	82.74729303222769
0.0874	0.45638338087559444	82.93811755009355
0.08760000000000001	0.4576025041149931	83.12894580929913
0.0878	0.4587708360264177	83.3197775061355
0.08800000000000001	0.45991455034640827	83.51061233689381
0.08820000000000001	0.4610748969578858	83.70144879441564
0.0884	0.46225921302681583	83.892288079304
0.08860000000000001	0.46348991046845894	84.08313018871242
0.0888	0.4647894031854793	84.27397511979436
0.08900000000000001	0.4661801070646766	84.46482286970337
0.08920000000000002	0.4678111585618285	84.65567243916689
0.08940000000000001	0.46954658327943416	84.84652507087095
0.08960000000000001	0.4713771206314117	85.0373810110756
0.0898	0.4732935095585185	85.2282405060408
0.09000000000000001	0.47528648840874077	85.41910380202661
0.09020000000000002	0.477357745970348	85.60997157403756
0.09040000000000001	0.4794843309461377	85.80084353240295
0.09060000000000001	0.4816542407740714	85.99171981619672
0.0908	0.48385547138563695	86.18260056449269
0.09100000000000001	0.48607601711826887	86.37348591636479
0.0912	0.4882557650492463	86.56437654490769
0.09140000000000001	0.4904428348440675	86.75527192166923
0.09160000000000001	0.4926372441384528	86.94617205221812
0.0918	0.49483901057153007	87.13707694212297
0.09200000000000001	0.49704815178584105	87.32798659695251
0.0922	0.4992646827668901	87.51890102199573
0.09240000000000001	0.501488624489436	87.70982022317087
0.09260000000000002	0.5037199952715423	87.9007442061165
0.09280000000000001	0.5059588134348174	88.0916729764712
0.09300000000000001	0.5082050973044202	88.28260653987358
0.0932	0.5104588615083933	88.47354490166244
0.09340000000000001	0.5127201290045867	88.66448806785107
0.09360000000000002	0.5149889190541991	88.85543604415298
0.09380000000000001	0.5172652509221525	89.0463888362817
0.09400000000000001	0.5195491438770994	89.23734644995076
0.0942	0.5218405947675129	89.42830889054366
0.09440000000000001	0.5241396508979019	89.61927616418647
0.0946	0.5264463371551985	89.81024827667517
0.09480000000000001	0.5287606784309556	90.00122523380583
0.09500000000000001	0.5310826996213526	90.19220704137446
0.0952	0.5334124190419623	90.38319370462293
0.09540000000000001	0.5357498698293154	90.57418523003997
0.0956	0.5380950785401698	90.76518162356012
0.09580000000000001	0.5404480717362176	90.95618289111799
0.09600000000000002	0.5428088759840899	91.1471890386481
0.09620000000000001	0.5452226735255242	91.33820007147914
0.09640000000000001	0.5476330493851298	91.52921599630304
0.0966	0.5500287390614336	91.72023681920581
0.09680000000000001	0.5523984763180225	91.91126254627352
0.09700000000000002	0.5547309931798425	92.10229318359218
0.09720000000000001	0.5569471529173774	92.29332919759148
0.09740000000000001	0.5591205130728009	92.48437001892789
0.0976	0.5612567706086411	92.67541553860153
0.09780000000000001	0.5633616234134446	92.86646564761251
0.098	0.5654407702693017	93.05752023696095
0.09820000000000001	0.5674893388928555	93.24857895862515
0.09840000000000002	0.569526244061516	93.43964200238251
0.09860000000000001	0.5715598304462289	93.63070931898862
0.09880000000000001	0.5735984438412667	93.82178085919907
0.099	0.5756504311427781	94.01285657376943
0.09920000000000001	0.577723842469437	94.20393607568656
0.09940000000000002	0.5798273990565521	94.39501973791697
0.09960000000000001	0.5819695254996058	94.5861075956584
0.09980000000000001	0.5841586475320407	94.77719968410867
0.1	0.5864031920408355	94.96829603846551
0.10020000000000001	0.5887525741747938	95.1593963630204
0.10040000000000002	0.5911639915654093	95.35050110660401
0.10060000000000001	0.5936356262902036	95.54161038714066
0.10080000000000001	0.5961656603155066	95.73272432255474
0.101	0.5987522754851937	95.92384303077057
0.10120000000000001	0.6014222242421037	96.11496671025827
0.1014	0.6041379767313594	96.30609537825998
0.10160000000000001	0.6068905702809209	96.49722913256367
0.10180000000000002	0.6096710408622068	96.68836807095722
0.10200000000000001	0.6124704230441217	96.87951229122855
0.10220000000000001	0.6152437868411254	97.07066224688376
0.1024	0.6180271150882304	97.26181759106304
0.10260000000000001	0.6208204305200803	97.45297833262481
0.10280000000000002	0.6236237558768654	97.64414448042743
0.10300000000000001	0.6264371139043351	97.83531604332926
0.10320000000000001	0.6292605270033604	98.02649302999552
0.1034	0.6320940183688564	98.21767544952607
0.10360000000000001	0.6349376108509555	98.40886331082761
0.10380000000000002	0.6377913273054149	98.60005662280682
0.10400000000000001	0.6406551905936287	98.79125539437037
0.10420000000000001	0.6435292241457331	98.98245963423287
0.1044	0.6464134501305822	99.17366935154111
0.10460000000000001	0.6493078912857512	99.36488455524979
0.1048	0.6522125703544795	99.55610525431362
0.10500000000000001	0.6551275100856823	99.74733145768732
0.10520000000000002	0.6580527338065809	99.9385631741432
0.10540000000000001	0.6609882635617215	100.12980041286391
0.10560000000000001	0.663934121973934	100.32104318284985
0.1058	0.6668903316717494	100.51229149310126
0.10600000000000001	0.6698569152894124	100.70354535261849
0.10620000000000002	0.6728338960486919	100.89480477022883
0.10640000000000001	0.6758212958680662	101.08606975514884
0.10660000000000001	0.6788191372535111	101.2773403164221
0.1068	0.6818274427167408	101.46861646309213
0.10700000000000001	0.6848462347752201	101.65989820420253
0.10720000000000002	0.6878755365428219	101.851185548633
0.10740000000000001	0.6909153698102596	102.04247850563188
0.10760000000000002	0.693965756964627	102.23377708428376
0.1078	0.697026720398791	102.42508129367314
0.10800000000000001	0.7000982825114039	102.61639114288457
0.1082	0.7031804663060888	102.80770664084756
0.10840000000000001	0.7062732934441633	102.9990277968404
0.10860000000000002	0.7093767861918827	103.19035461998638
0.10880000000000001	0.7124909668213105	103.38168711940875
0.10900000000000001	0.7156158576103312	103.57302530423082
0.1092	0.7187514814500514	103.76436918342948
0.10940000000000001	0.7218978598708187	103.955718766311
0.10960000000000002	0.7250550150161673	104.14707406203524
0.10980000000000001	0.7282229690354733	104.33843507976206
0.11000000000000001	0.7314017440839681	104.52980182865139
0.1102	0.7345913629380586	104.72117431772504
0.11040000000000001	0.7377918469956062	104.91255255631545
0.11060000000000002	0.7410032182756101	105.10393655361696
0.11080000000000001	0.7442254988029443	105.29532631882394
0.11100000000000002	0.7474587106083699	105.4867218611308
0.11120000000000001	0.7507028763514918	105.67812318960203
0.11140000000000001	0.7539580172962237	105.86953031359437
0.1116	0.7572241553352814	106.06094324233462
0.11180000000000001	0.7605013123672884	106.25236198504965
0.11200000000000002	0.7637895102967843	106.4437865509663
0.11220000000000001	0.7670887716645465	106.63521694918946
0.11240000000000001	0.7703991175991312	106.82665318909841
0.1126	0.7737205698652866	107.01809527995046
0.11280000000000001	0.7770531502336993	107.20954323100298
0.11300000000000002	0.7803968804810013	107.40099705151329
0.11320000000000001	0.7837517830271875	107.59245675062445
0.11340000000000001	0.7871178788641003	107.78392233773661
0.1136	0.7904951896268966	107.97539382213566
0.11380000000000001	0.7938837369566993	108.1668712131075
0.11400000000000002	0.7972835425006078	108.35835451993802
0.11420000000000001	0.8006946285559525	108.54984375180634
0.11440000000000002	0.804117015976552	108.74133891813182
0.11460000000000001	0.8075507262664049	108.932840028227
0.11480000000000001	0.8109957809355051	109.12434709140453
0.115	0.8144522014998494	109.31586011697694
0.11520000000000001	0.81792001013229	109.50737911415736
0.11540000000000002	0.8213992275473576	109.69890409238272
0.11560000000000001	0.8248898751163832	109.89043506099043
0.11580000000000001	0.8283919742167204	110.081972029318
0.116	0.831905546231752	110.27351500670282
0.11620000000000001	0.8354306132081001	110.46506400239002
0.11640000000000002	0.8389671957197905	110.6566190258325
0.11660000000000001	0.8425153150040307	110.84818008639078
0.11680000000000001	0.846074992304076	111.03974719342548
0.117	0.8496462488692368	111.23132035629709
0.11720000000000001	0.8532291066182186	111.4228995842807
0.11740000000000002	0.8568235859833657	111.61448488684373
0.11760000000000001	0.8604297080663563	111.80607627336806
0.11780000000000002	0.8640474939749411	111.99767375323566
0.11800000000000001	0.8676769648229512	112.18927733582842
0.11820000000000001	0.871318142399547	112.38088703044953
0.1184	0.8749710469942552	112.57250284657933
0.11860000000000001	0.878635699571871	112.7641247936195
0.11880000000000002	0.8823121211032828	112.95575288097163
0.11900000000000001	0.886000332565484	113.14738711803733
0.11920000000000001	0.8897003556165125	113.33902751414601
0.1194	0.893412210401991	113.53067407878956
0.11960000000000001	0.8971359177485229	113.7223268213877
0.11980000000000002	0.9008714984888275	113.9139857513601
0.12000000000000001	0.9046189734617511	114.10565087812643
0.12020000000000002	0.9083783641927061	114.29732221104052
0.12040000000000001	0.9121496906823405	114.48899975960438
0.12060000000000001	0.9159329736178015	114.68068353325421
0.1208	0.919728233692373	114.87237354142613
0.12100000000000001	0.923535491605489	115.06406979355633
0.12120000000000002	0.9273547687484578	115.25577229902126
0.12140000000000001	0.9311860849759458	115.4474810673317
0.12160000000000001	0.9350294608344253	115.63919610793873
0.1218	0.9388849168765269	115.83091743029344
0.12200000000000001	0.94275247366105	116.02264504384692
0.12220000000000002	0.9466321524437942	116.2143789579966
0.12240000000000001	0.9505239729324514	116.40611918226061
0.12260000000000001	0.9544279555316434	116.5978657261035
0.1228	0.9583441206521675	116.78961859898975
0.12300000000000001	0.9622724887110096	116.98137781038388
0.12320000000000002	0.9662130808270938	117.17314336970259
0.12340000000000001	0.9701659165601877	117.3649152864701
0.12360000000000002	0.9741310161719248	117.5566935701629
0.12380000000000001	0.9781083999301315	117.74847823025745
0.12400000000000001	0.9820980881088408	117.94026927623018
0.1242	0.9861001016887834	118.13206671751549
0.12440000000000001	0.9901144600808836	118.3238705636424
0.12460000000000002	0.9941411834026872	118.51568082409793
0.12480000000000001	0.9981802917779503	118.70749750836899
0.125	1.0022318053366526	118.8993206259426
0.1252	1.006295744920057	119.09115018626923
0.1254	1.0103721297893566	119.28298619888147
0.12560000000000002	1.0144609799169493	119.47482867327543
0.12580000000000002	1.01856231528146	119.66667761894719
0.126	1.02267615586775	119.85853304539283
0.1262	1.026802522376387	120.05039496207745
0.1264	1.0309414339179725	120.24226337853594
0.12660000000000002	1.035092910318731	120.43413830427218
0.12680000000000002	1.0392569714111273	120.62601974879003
0.127	1.0434336370338777	120.81790772159331
0.1272	1.0476229277456626	121.00980223216021
0.1274	1.051824862505664	121.20170329002676
0.12760000000000002	1.0560394609929415	121.39361090470327
0.12780000000000002	1.0602667428928096	121.58552508570006
0.128	1.0645067278968459	121.77744584252738
0.1282	1.0687594364206938	121.96937318467504
0.12840000000000001	1.0730248872713142	122.16130712167906
0.12860000000000002	1.077303099979643	122.35324766305489
0.12880000000000003	1.0815940940828837	122.545194818318
0.129	1.0858978891245152	122.73714859698383
0.1292	1.0902145053760328	122.92910900855233
0.12940000000000002	1.094543961491399	123.12107606255839
0.12960000000000002	1.0988862768525016	123.31304976852138
0.1298	1.1032414708475045	123.50503013596062
0.13	1.1076095628708607	123.69701717439553
0.1302	1.1119905730488395	123.88901089333477
0.13040000000000002	1.1163845198816578	124.08101130231104
0.13060000000000002	1.1207914226012572	124.27301841084635
0.1308	1.1252113004458668	124.4650322284627
0.131	1.1296441726600135	124.65705276468219
0.1312	1.1340900669233644	124.84908002902093
0.13140000000000002	1.138548991957796	125.04111403100828
0.13160000000000002	1.143020964919017	125.23315478016775
0.1318	1.1475060029686242	125.42520228602281
0.132	1.1520041232741134	125.61725655809701
0.1322	1.1565153510463884	125.80931760597053
0.13240000000000002	1.1610396934186349	126.00138543909598
0.13260000000000002	1.1655771655661764	126.19346006698268
0.1328	1.1701277826698355	126.38554149913993
0.133	1.1746915599159418	126.57762974507709
0.1332	1.179268479305789	126.76972481441804
0.13340000000000002	1.1838585975218396	126.96182671652889
0.13360000000000002	1.188461938066822	127.15393546089031
0.1338	1.1930785244507685	127.34605105698296
0.134	1.1977083801910287	127.53817351428756
0.1342	1.2023515399358138	127.73030284215002
0.13440000000000002	1.2070080133137482	127.92243905021948
0.13460000000000003	1.2116778210825776	128.1145821480103
0.1348	1.2163609840068186	128.30673214503685
0.135	1.2210575228577705	128.49888905081352
0.13520000000000001	1.2257674698129521	128.69105287480366
0.13540000000000002	1.2304908314090393	128.8832236265854
0.13560000000000003	1.2352276255871133	129.07540131568592
0.1358	1.2399778702944586	129.26758595163233
0.136	1.2447415834845785	129.45977754395182
0.13620000000000002	1.2495187817288422	129.6519761022038
0.13640000000000002	1.254309484728522	129.84418163587503
0.1366	1.2591137108029968	130.03639415448455
0.1368	1.2639314782779685	130.22861366755143
0.137	1.2687628054854714	130.42084018459474
0.13720000000000002	1.2736077115182702	130.61307371515417
0.13740000000000002	1.2784662137781762	130.80531426872298
0.1376	1.2833383304276205	130.99756185481502
0.1378	1.2882240796353601	131.18981648294422
0.138	1.2931234795764848	131.3820781626245
0.13820000000000002	1.2980365491896988	131.57434690339448
0.13840000000000002	1.3029633057162673	131.7666227147371
0.1386	1.3079037671609584	131.95890560616007
0.1388	1.312857951534867	132.1511955871712
0.139	1.3178258768554174	132.34349266727813
0.13920000000000002	1.3228075619064183	132.5357968560173
0.13940000000000002	1.327803023768013	132.72810816286054
0.1396	1.3328122802866114	132.92042659730836
0.1398	1.3378353493149486	133.11275216886136
0.14	1.3428722487120912	133.3050848870201
0.14020000000000002	1.3479229971061437	133.49742476131763
0.14040000000000002	1.352987611415565	133.68977180121382
0.1406	1.3580661093277355	133.88212601620103
0.1408	1.3631585085363573	134.07448741577167
0.14100000000000001	1.3682648267414623	134.26685600941818
0.14120000000000002	1.3733850824146656	134.4592318066693
0.14140000000000003	1.3785192923122025	134.65161481697194
0.1416	1.383667473961773	134.8440050498094
0.1418	1.388829644897397	135.03640251466504
0.14200000000000002	1.394005822659417	135.22880722102215
0.14220000000000002	1.3991960255621994	135.4212191784041
0.1424	1.4044002701992329	135.61363839624408
0.1426	1.4096185739379081	135.8060648840154
0.1428	1.4148509541519287	135.99849865119137
0.14300000000000002	1.4200974282213177	136.19093970724526
0.14320000000000002	1.4253580143024531	136.38338806169406
0.1434	1.4306327288255738	136.57584372395638
0.1436	1.4359215889971524	136.7683067034947
0.1438	1.441224612029964	136.96077700977128
0.14400000000000002	1.446541815143101	137.15325465224853
0.14420000000000002	1.4518732163342414	137.34573964043605
0.1444	1.4572188318698849	137.53823198373715
0.1446	1.4625786787949926	137.73073169160241
0.1448	1.4679527741608234	137.92323877348238
0.14500000000000002	1.4733411350249452	138.11575323882764
0.14520000000000002	1.4787437792256415	138.3082750971394
0.1454	1.4841607228652018	138.50080435780484
0.1456	1.4895919828265063	138.69334103026193
0.1458	1.4950375759987224	138.8858851239485
0.14600000000000002	1.5004975192773207	139.07843664830247
0.14620000000000002	1.505971830340513	139.27099561281577
0.1464	1.5114605251259303	139.46356202685868
0.1466	1.51696362035382	139.65613589985566
0.1468	1.5224811327507077	139.84871724123104
0.14700000000000002	1.528013079049409	140.04130606040917
0.14720000000000003	1.533559476767426	140.23390236687183
0.1474	1.5391203416772814	140.42650616997162
0.1476	1.544695690336054	140.61911747911867
0.14780000000000001	1.55028553930709	140.811736303723
0.14800000000000002	1.5558899051600152	141.0043626531946
0.14820000000000003	1.5615088052509798	141.1969965370041
0.1484	1.5671422551869842	141.38963796448581
0.1486	1.5727902713614201	141.58228694503464
0.14880000000000002	1.5784528701739373	141.7749434880455
0.14900000000000002	1.5841300680304515	141.9676076029132
0.1492	1.5898218821251517	142.16027929909643
0.1494	1.5955283278991081	142.3529585859104
0.1496	1.6012494215815252	142.54564547273407
0.14980000000000002	1.6069851794078516	142.73833996894635
0.15000000000000002	1.6127356176197953	142.93104208392626
0.1502	1.6185007532489895	143.12375182711952
0.1504	1.6242806015701796	143.3164692078216
0.1506	1.6300751786479002	143.50919423539474
0.15080000000000002	1.6358845005529188	143.7019269192012
0.15100000000000002	1.6417085833622431	143.89466726860323
0.1512	1.6475474439443791	144.08741529303288
0.1514	1.6534010974073698	144.28017100176515
0.1516	1.659269559650612	144.4729344041448
0.15180000000000002	1.665152846579723	144.66570550951667
0.15200000000000002	1.671050974106544	144.8584843272255
0.1522	1.6769639594483625	145.0512708666889
0.1524	1.682891816905625	145.24406513716067
0.1526	1.6888345620839862	145.4368671479674
0.15280000000000002	1.6947922105952729	145.6296769084357
0.15300000000000002	1.7007647780574906	145.82249442789217
0.1532	1.7067523118942263	146.01531971574238
0.1534	1.712754787989994	146.20815278121418
0.15360000000000001	1.7187722140291206	146.40099363361446
0.15380000000000002	1.724804597700202	146.59384228225005
0.15400000000000003	1.730851946696109	146.78669873642778
0.1542	1.7369142813082665	146.97956300573642
0.1544	1.7429915934966387	147.17243509913044
0.15460000000000002	1.7490838878173873	147.3653150258462
0.15480000000000002	1.755191168830171	147.55820279512002
0.15500000000000003	1.7613134410981497	147.7510984161883
0.1552	1.7674505719239832	147.94400189864413
0.1554	1.773602737443179	148.13691325127797
0.15560000000000002	1.7797699765558543	148.32983248323697
0.15580000000000002	1.7859523281740315	148.52275960366833
0.156	1.792149831221652	148.71569462171917
0.1562	1.79836263598594	148.90863754601145
0.1564	1.8045906422374869	149.1015883863489
0.15660000000000002	1.8108338610897756	149.2945471520101
0.15680000000000002	1.8170923036614484	149.48751385227345
0.157	1.8233659810763192	149.6804884964175
0.1572	1.8296548893722115	149.87347109390907
0.1574	1.8359590585456367	150.0664616537913
0.15760000000000002	1.8422785035098812	150.25946018529552
0.15780000000000002	1.8486132391843444	150.45246669765322
0.158	1.8549632804945413	150.6454812000958
0.1582	1.8613286431701723	150.83850370194384
0.1584	1.8677093411515309	151.03153421231733
0.15860000000000002	1.8741053891829398	151.2245727404254
0.15880000000000002	1.8805168020148093	151.4176192954772
0.159	1.8869435944036403	151.6106738866818
0.1592	1.893385781911041	151.80373652334015
0.15940000000000001	1.8998433783070716	151.9968072145467
0.15960000000000002	1.9063163981667368	152.18988596948762
0.15980000000000003	1.9128048560711064	152.3829727973492
0.16	1.9193087666073168	152.57606770731758
0.1602	1.9258281451684451	152.76917070867324
0.16040000000000001	1.9323630053540632	152.9622818104846
0.16060000000000002	1.9389133615695227	153.15540102191434
0.16080000000000003	1.9454792282262119	153.34852835212513
0.161	1.9520606197415638	153.5416638102796
0.1612	1.9586575513397044	153.7348074056371
0.16140000000000002	1.965270036449477	153.92795914723948
0.16160000000000002	1.9718980893062545	154.12111904422522
0.16180000000000003	1.978541724151423	154.31428710573286
0.162	1.9852009552323848	154.50746334090084
0.1622	1.9918757976039156	154.70064775896677
0.16240000000000002	1.9985662645238964	154.89384036894535
0.16260000000000002	2.0052723700574138	155.0870411799503
0.1628	2.0119941282755396	155.28025020109533
0.163	2.018731553255339	155.47346744149425
0.1632	2.025484659881843	155.66669291036217
0.16340000000000002	2.032253461241756	155.85992661668612
0.16360000000000002	2.0390379712295843	156.05316856955446
0.1638	2.045838203745792	156.2464187780556
0.164	2.052654172696806	156.439677251278
0.1642	2.0594858927975412	156.63294399841368
0.16440000000000002	2.066333376963322	156.82621902842146
0.16460000000000002	2.0731966389177945	157.01950235036384
0.1648	2.08007569239053	157.21279397330323
0.165	2.086970551117039	157.40609390630223
0.1652	2.093881229641758	157.5994021585292
0.16540000000000002	2.1008077407084427	157.7927187389142
0.16560000000000002	2.10775009786961	157.98604365649325
0.1658	2.114708314683674	158.17937692030233
0.166	2.1216824047149556	158.3727185393775
0.16620000000000001	2.12867238233707	158.56606852286288
0.16640000000000002	2.1356782601220248	158.7594268796593
0.16660000000000003	2.142700051450958	158.95279361877573
0.1668	2.149737769710872	159.14616874922115
0.167	2.1567914282946417	159.33955228000457
0.16720000000000002	2.1638610414047292	159.53294422024524
0.16740000000000002	2.1709466214412334	159.72634457881426
0.16760000000000003	2.178048181613673	159.9197533646931
0.1678	2.1851657351373968	160.1131705868631
0.168	2.1922992952335942	160.30659625430576
0.16820000000000002	2.199448875933256	160.5000303761148
0.16840000000000002	2.2066144894644246	160.69347296113122
0.16860000000000003	2.21379614886477	160.88692401830832
0.1688	2.220993867177761	161.08038355659937
0.169	2.2282076574526757	161.27385158495778
0.16920000000000002	2.2354375335487293	161.46732811245127
0.16940000000000002	2.242683507521768	161.6608131478901
0.1696	2.249945592237404	161.854306700199
0.1698	2.2572238005670164	162.0478087783027
0.17	2.2645181453877514	162.2413193911259
0.17020000000000002	2.271828640386764	162.43483854770977
0.17040000000000002	2.279155297447581	162.6283662568335
0.1706	2.286498129263557	162.82190252739258
0.1708	2.2938571485337804	163.01544736828274
0.171	2.301232367963069	163.20900078839952
0.17120000000000002	2.308623801066237	163.40256279675697
0.17140000000000002	2.316031459554385	163.59613340210268
0.1716	2.3234553559484232	163.78971261330256
0.1718	2.3308955027749643	163.98330043922272
0.17200000000000001	2.3383519125663113	164.17689688872912
0.17220000000000002	2.345824598664675	164.3705019708081
0.17240000000000003	2.353313572608632	164.56411569417526
0.1726	2.360818846746481	164.7577380676664
0.1728	2.368340433432183	164.95136910011755
0.17300000000000001	2.3758783450253538	165.14500880036456
0.17320000000000002	2.3834325946953547	165.33865717736563
0.17340000000000003	2.391003193808154	165.5323142398038
0.1736	2.398590154539281	165.72597999648443
0.1738	2.4061934890698873	165.9196544562129
0.17400000000000002	2.4138132095867415	166.11333762779455
0.17420000000000002	2.421449329086119	166.30702952015884
0.17440000000000003	2.4291018587613142	166.50073014195596
0.1746	2.4367708106149415	166.6944395019602
0.1748	2.444456196655199	166.888157608946
0.17500000000000002	2.4521580288958607	167.08188447168754
0.17520000000000002	2.459876320159898	167.27562009908516
0.1754	2.467611081467873	167.46936449975573
0.1756	2.4753623246493595	167.66311768244213
0.1758	2.4831300615394647	167.85687965588718
0.17600000000000002	2.4909143039788413	168.05065042883373
0.17620000000000002	2.498715064616946	168.2444300101523
0.1764	2.506532354301569	168.43821840842614
0.1766	2.5143661846891225	168.63201563236615
0.1768	2.5222165674415136	168.82582169068326
0.17700000000000002	2.530083514226149	169.01963659208835
0.17720000000000002	2.537967037518782	169.21346034542182
0.1774	2.545867147994402	169.40729295923276
0.1776	2.5537838571361577	169.60113444219976
0.1778	2.5617171764326505	169.79498480300137
0.17800000000000002	2.569667117377939	169.98884405031612
0.17820000000000003	2.577633692273891	170.18271219295374
0.1784	2.585616911622683	170.37658923942882
0.1786	2.593616786734113	170.57047519838721
0.17880000000000001	2.601633328923385	170.76437007847463
0.17900000000000002	2.609666549511122	170.95827388833686
0.17920000000000003	2.61771646062514	171.1521866367525
0.1794	2.6257830725948015	171.34610833220125
0.1796	2.633866396556481	171.5400389832958
0.17980000000000002	2.6419664436519112	171.73397859864863
0.18000000000000002	2.6500832250282	171.92792718687232
0.18020000000000003	2.6582167526389613	172.12188475671394
0.1804	2.6663670366407612	172.3158513166179
0.1806	2.674534087996486	172.50982687516327
0.18080000000000002	2.682717917674341	172.703811440929
0.18100000000000002	2.690918536647855	172.897805022494
0.18120000000000003	2.699135956696301	173.09180762857332
0.1814	2.707370187803479	173.2858192675758
0.1816	2.7156212407587446	173.47983994804648
0.18180000000000002	2.7238891263567226	173.67386967853028
0.18200000000000002	2.73217385539732	173.86790846757214
0.1822	2.7404754394853432	174.06195632385462
0.1824	2.748793888431875	174.25601325575067
0.1826	2.7571292128527016	174.45007927177085
0.18280000000000002	2.765481423368841	174.64415438042573
0.18300000000000002	2.773850530606542	174.8382385902258
0.1832	2.7822365459960374	175.0323319098208
0.1834	2.790639479175748	175.22643434754738
0.1836	2.799059340587879	175.42054591188125
0.18380000000000002	2.807496140679822	175.61466661129825
0.18400000000000002	2.8159498899041493	175.80879645427407
0.1842	2.8244205995164235	176.00293544942517
0.1844	2.8329082789824787	176.1970836050515
0.18460000000000001	2.841412938570941	176.3912409295937
0.18480000000000002	2.8499345885555663	176.58540743149234
0.18500000000000003	2.8584732392152534	176.7795831191881
0.1852	2.8670289016308104	176.97376800126358
0.1854	2.8756015850955787	177.16796208598188
0.18560000000000001	2.8841912997046117	177.36216538174807
0.18580000000000002	2.892798055558048	177.55637789696718
0.18600000000000003	2.901421862761117	177.75059964004433
0.1862	2.9100627322198114	177.94483061952812
0.1864	2.9187206730550814	178.13907084364428
0.18660000000000002	2.9273956951884386	178.33332032076197
0.18680000000000002	2.9360878085464317	178.5275790592504
0.18700000000000003	2.944797023060648	178.72184706747876
0.1872	2.9535233494622117	178.9161243539612
0.1874	2.9622667966998035	179.1104109268858
0.18760000000000002	2.9710273745214386	179.3047067945855
0.18780000000000002	2.9798050926801154	179.49901196539327
0.18800000000000003	2.9885999609338243	179.69332644764208
0.1882	2.9974119898387843	179.8876502498112
0.1884	3.0062411881715407	180.08198338005073
0.18860000000000002	3.015087565506673	180.2763258466571
0.18880000000000002	3.0239511314236878	180.47067765792664
0.189	3.0328318955070315	180.66503882215576
0.1892	3.0417298681379976	180.85940934778856
0.1894	3.0506450579211544	181.05378924293683
0.18960000000000002	3.0595774742577144	181.24817851586008
0.18980000000000002	3.0685271265537706	181.44257717481776
0.19	3.0774940242202993	181.63698522806934
0.1902	3.0864781774636603	181.83140268402332
0.1904	3.0954795947166147	182.02582955075297
0.19060000000000002	3.1044982852070993	182.2202658364805
0.19080000000000003	3.1135342581678827	182.4147115494282
0.191	3.1225875228365583	182.60916669781824
0.1912	3.1316580892445613	182.8036312900232
0.19140000000000001	3.140745965653031	182.99810533407745
0.19160000000000002	3.1498511611167417	183.19258883816573
0.19180000000000003	3.158973684695235	183.38708181047267
0.192	3.1681135454528353	183.58158425918293
0.1922	3.177270753246074	183.7760961926328
0.19240000000000002	3.1864453161646735	183.97061761881747
0.19260000000000002	3.1956372430903643	184.16514854588385
0.19280000000000003	3.2048465429095905	184.35968898197868
0.193	3.214073224513521	184.55423893524875
0.1932	3.2233172975838276	184.74879841399368
0.19340000000000002	3.2325787700390367	184.94336742616932
0.19360000000000002	3.2418576505879724	185.13794597988428
0.19380000000000003	3.251153947944121	185.3325340832472
0.194	3.260467670825637	185.5271317443667
0.1942	3.2697988033956076	185.72173897150537
0.19440000000000002	3.279147385078052	185.9163557725794
0.19460000000000002	3.288513430747325	186.11098215565895
0.19480000000000003	3.297896955284262	186.30561812881413
0.195	3.307297973576189	186.5002637001151
0.1952	3.3167164829932476	186.69491887765778
0.19540000000000002	3.326152520338083	186.8895836694801
0.19560000000000002	3.3356061049000583	187.0842580836458
0.1958	3.3450772559763435	187.2789421282186
0.196	3.3545659928719305	187.47363581126226
0.1962	3.3640724442211547	187.6683391407761
0.19640000000000002	3.37359649270698	187.8630521249043
0.19660000000000002	3.3831381303173704	188.05777477172668
0.1968	3.3926973490399877	188.252507089323
0.197	3.402274140862203	188.44724908577314
0.19720000000000001	3.411868429589527	188.64200076964522
0.19740000000000002	3.421480292426813	188.8367621484086
0.19760000000000003	3.431109738412199	189.0315332300211
0.1978	3.44075677658856	189.2263140224403
0.198	3.4504214160035276	189.4211045336241
0.19820000000000002	3.460103668884082	189.61590477166826
0.19840000000000002	3.4698035403195284	189.81071474435788
0.19860000000000003	3.479521038577785	190.00553445961614
0.1988	3.4892561719312774	190.2003639253662
0.199	3.4990089486569493	190.3952031495313
0.19920000000000002	3.5087793790805364	190.59005214018615
0.19940000000000002	3.518567468932943	190.7849109050645
0.19960000000000003	3.528373225993382	190.97977945205173
0.1998	3.538196658045415	191.17465778903312
0.2	3.54803777287697	191.36954592389407
0.20020000000000002	3.5578965790480357	191.56444386467882
0.20040000000000002	3.5677730833957466	191.75935161907398
0.20060000000000003	3.577667293529099	191.95426919492516
0.2008	3.587579217061383	192.14919660007794
0.201	3.597508861610188	192.34413384237791
0.20120000000000002	3.6074562355629594	192.53908092983065
0.20140000000000002	3.6174213455890705	192.73403787008175
0.20160000000000003	3.627404199127544	192.92900467093685
0.2018	3.637404803621633	193.12398134020148
0.202	3.647423166518837	193.31896788568133
0.20220000000000002	3.6574592960342063	193.5139643153429
0.20240000000000002	3.6675131986697016	193.7089706367906
0.2026	3.677584881694624	193.90398685778976
0.2028	3.6876743523824604	194.09901298610583
0.203	3.6977816180108665	194.2940490295041
0.20320000000000002	3.7079066866226826	194.48909499591187
0.20340000000000003	3.718049564552808	194.68415089289212
0.2036	3.7282102589011084	194.87921672816967
0.2038	3.738388776771572	195.07429250946953
0.20400000000000001	3.7485851252722937	195.26937824451647
0.20420000000000002	3.7587993122740855	195.4644739411983
0.20440000000000003	3.7690313439451746	195.6595796070363
0.2046	3.7792812272162863	195.85469524971467
0.2048	3.7895489690222006	196.04982087691755
0.20500000000000002	3.799834576301754	196.24495649632917
0.20520000000000002	3.8101380567539365	196.44010211579743
0.20540000000000003	3.8204594163807015	196.6352577428018
0.2056	3.830798661943949	196.83042338498552
0.2058	3.841155800209569	197.02559904999183
0.20600000000000002	3.851530837947445	197.22078474546396
0.20620000000000002	3.861923782684976	197.41598047920982
0.20640000000000003	3.872334640258262	197.61118625866678
0.2066	3.8827634172607093	197.80640209143692
0.2068	3.893210120289655	198.00162798512238
0.20700000000000002	3.90367475594636	198.19686394732517
0.20720000000000002	3.9141573315868747	198.3921099858129
0.20740000000000003	3.924657852881892	198.58736610798076
0.2076	3.9351763262566752	198.7826323213894
0.2078	3.9457127581403557	198.97790863359955
0.20800000000000002	3.9562671549659307	199.1731950521719
0.20820000000000002	3.9668395239183623	199.36849158483352
0.2084	3.9774298705033924	199.56379823893707
0.2086	3.9880382009785236	199.75911502200177
0.2088	3.998664521605051	199.95444194154666
0.20900000000000002	4.009308838648076	200.14977900509083
0.20920000000000002	4.019971159121758	200.34512622032062
0.2094	4.030651488367376	200.5404835945461
0.2096	4.041349832475052	200.73585113524462
0.20980000000000001	4.052066197538645	200.93122884989347
0.21000000000000002	4.062800589655753	201.12661674596995
0.21020000000000003	4.073553015670029	201.3220148311194
0.2104	4.084323480758792	201.51742311260907
0.2106	4.095111990845205	201.71284159787436
0.21080000000000002	4.1059185518560986	201.90827029435053
0.21100000000000002	4.116743169721982	202.10370920947292
0.21120000000000003	4.12758585111632	202.2991583508456
0.2114	4.138446601053002	202.49461772569293
0.2116	4.149325425288659	202.69008734140803
0.21180000000000002	4.160222329583533	202.8855672053841
0.21200000000000002	4.1711373197014705	203.08105732501414
0.21220000000000003	4.182070402146095	203.2765577078609
0.2124	4.193021581768408	203.47206836110553
0.2126	4.2039908641589685	203.66758929209885
0.21280000000000002	4.214978254911879	203.8631205081916
0.21300000000000002	4.225983759624785	204.0586620167345
0.21320000000000003	4.23700738463182	204.25421382524857
0.2134	4.248049134621674	204.44977594087175
0.2136	4.259109015019312	204.64534837091225
0.21380000000000002	4.2701870312531724	204.84093112267826
0.21400000000000002	4.281283188755174	205.03652420347797
0.21420000000000003	4.292397493690346	205.23212762079052
0.2144	4.303529950585654	205.42774138171038
0.2146	4.314680564700969	205.6233654935031
0.21480000000000002	4.325849341299563	205.81899996343407
0.21500000000000002	4.337036285648125	206.01464479876878
0.2152	4.348241403742974	206.2103000069443
0.2154	4.359464699949982	206.40596559501157
0.2156	4.3707061793644355	206.60164157019312
0.21580000000000002	4.381965847084965	206.79732793971152
0.21600000000000003	4.393243708213551	206.99302471078934
0.2162	4.404539768578227	207.18873189082137
0.2164	4.415854032384405	207.38444948681487
0.21660000000000001	4.427186504563336	207.58017750594928
0.21680000000000002	4.4385371900495505	207.7759159554041
0.21700000000000003	4.44990609378086	207.9716648423588
0.2172	4.46129322141746	208.16742417416577
0.2174	4.472698577004962	208.36319395778838
0.21760000000000002	4.484122165311151	208.55897420036285
0.21780000000000002	4.495563991107021	208.75476490902545
0.21800000000000003	4.5070240591667785	208.95056609091242
0.2182	4.518502374983243	209.14637775333352
0.2184	4.5299989424429254	209.34219990320815
0.21860000000000002	4.541513766150726	209.53803254762914
0.21880000000000002	4.5530468507146935	209.73387569368933
0.21900000000000003	4.564598200746021	209.9297293484816
0.2192	4.576167821570641	210.12559351927294
0.2194	4.587755716916669	210.32146821293858
0.21960000000000002	4.5993618912267396	210.51735343652783
0.21980000000000002	4.610986348946567	210.71324919709
0.22000000000000003	4.622629094524943	210.90915550167443
0.2202	4.634290133121425	211.10507235750518
0.2204	4.645969468306467	211.30099977141316
0.22060000000000002	4.6576671043610816	211.49693775040407
0.22080000000000002	4.669383045569283	211.69288630148353
0.22100000000000003	4.681117296218094	211.88884543165716
0.2212	4.69286986130123	212.08481514810592
0.2214	4.7046407442322575	212.28079545761636
0.22160000000000002	4.716429949131218	212.47678636715037
0.22180000000000002	4.728237480121088	212.6727878836697
0.222	4.740063341327786	212.8688000141362
0.2222	4.751907537579742	213.06482276568758
0.22240000000000001	4.7637700721344185	213.26085614506584
0.22260000000000002	4.7756509489515775	213.45690015918893
0.22280000000000003	4.787550171993845	213.6529548149747
0.223	4.79946774522672	213.849020119341
0.2232	4.811403673313925	214.0450960793821
0.22340000000000002	4.823357959357639	214.24118270179545
0.22360000000000002	4.835330607158053	214.4372799934549
0.22380000000000003	4.847321620518153	214.63338796123423
0.224	4.859331003243728	214.8295066120072
0.2242	4.871358759834397	215.02563595282453
0.22440000000000002	4.8834048932379	215.22177599033895
0.22460000000000002	4.895469407095592	215.4179267313801
0.22480000000000003	4.90755230505156	215.6140881827776
0.225	4.919653590752616	215.810260351361
0.2252	4.931773268534908	216.00644324413724
0.22540000000000002	4.943911341192607	216.20263686771438
0.22560000000000002	4.956067812208991	216.39884122887761
0.22580000000000003	4.96824268507001	216.59505633441233
0.226	4.980435963264264	216.79128219110373
0.2262	4.992647650965077	216.98751880591493
0.22640000000000002	5.004877750813948	217.183766185409
0.22660000000000002	5.017126266136881	217.3800243363269
0.22680000000000003	5.029393200262463	217.57629326540942
0.227	5.041678556521882	217.7725729793974
0.2272	5.053982338926316	217.96886348520997
0.22740000000000002	5.066304549965518	218.16516478936524
0.22760000000000002	5.078645192809024	218.3614768985596
0.22780000000000003	5.091004270628885	218.55779981948936
0.228	5.103381786599681	218.7541335588508
0.22820000000000001	5.115777744571152	218.95047812351893
0.22840000000000002	5.128192146882258	219.14683351996683
0.22860000000000003	5.140624996546908	219.3431997548462
0.2288	5.153076296581466	219.5395768348088
0.229	5.165546050004746	219.7359647665063
0.22920000000000001	5.178034260505777	219.93236355676936
0.22940000000000002	5.190540930273712	220.128773212026
0.22960000000000003	5.203066062167705	220.32519373888323
0.2298	5.215609659049293	220.52162514394797
0.23	5.2281717237824035	220.71806743382731
0.23020000000000002	5.240752259896108	220.91452061530745
0.23040000000000002	5.2533512694307625	221.11098469477128
0.23060000000000003	5.265968755091664	221.30745967878093
0.2308	5.278604719586427	221.50394557389862
0.231	5.291259165624979	221.7004423866865
0.23120000000000002	5.303932096577224	221.89695012388634
0.23140000000000002	5.3166235143357605	222.0934687918358
0.23160000000000003	5.329333421452959	222.28999839705213
0.2318	5.34206182048343	222.4865389460526
0.232	5.354808713984033	222.6830904453545
0.23220000000000002	5.367574105166313	222.87965290165502
0.23240000000000002	5.380357995776184	223.0762263212465
0.23260000000000003	5.393160388214039	223.27281071060122
0.2328	5.405981284882446	223.4694060761915
0.233	5.418820688186149	223.6660124244896
0.23320000000000002	5.4316786011791764	223.86262976214803
0.23340000000000002	5.444555025461853	224.05925809541384
0.23360000000000003	5.457449963283583	224.25589743071424
0.2338	5.470363416895868	224.45254777447641
0.234	5.483295388552327	224.6492091331277
0.23420000000000002	5.496245881150331	224.84588151327577
0.23440000000000003	5.509214896145751	225.04256492112225
0.23460000000000003	5.522202435638013	225.23925936304926
0.2348	5.535208501728573	225.4359648454389
0.23500000000000001	5.548233096520932	225.63268137467333
0.23520000000000002	5.561276222756704	225.8294089573154
0.23540000000000003	5.574337881748463	226.02614759952127
0.2356	5.587418075446701	226.22289730762787
0.2358	5.600516805803876	226.4196580879722
0.23600000000000002	5.613634074774408	226.61642994689117
0.23620000000000002	5.626769884945075	226.81321289090266
0.23640000000000003	5.639924237486356	227.01000692611743
0.2366	5.65309713420088	227.20681205882713
0.2368	5.666288576893174	227.4036282953235
0.23700000000000002	5.6794985673696585	227.60045564189824
0.23720000000000002	5.692727108063232	227.7972941050242
0.23740000000000003	5.705974200003493	227.99414369076663
0.2376	5.7192398448463155	228.1910044053719
0.2378	5.7325240442493985	228.38787625508647
0.23800000000000002	5.745826799872268	228.58475924615675
0.23820000000000002	5.759148113994915	228.7816533850105
0.23840000000000003	5.772487987507324	228.97855867766737
0.2386	5.785846421919747	229.1754751303285
0.2388	5.799223418744194	229.37240274919495
0.23900000000000002	5.812618979494425	229.5693415404678
0.23920000000000002	5.826033106298545	229.76629151052964
0.23940000000000003	5.839465799908211	229.96325266535464
0.2396	5.852917061689216	230.16022501109848
0.2398	5.866386893009046	230.35720855391688
0.24000000000000002	5.879875295236869	230.55420329996556
0.24020000000000002	5.8933822703499406	230.75120925558184
0.24040000000000003	5.906907818962911	230.94822642669436
0.2406	5.920451942298317	231.1452548194134
0.24080000000000001	5.9340146415803146	231.34229443984927
0.24100000000000002	5.947595918034676	231.53934529411225
0.24120000000000003	5.961195773488882	231.7364073884944
0.2414	5.974814208421929	231.93348072887875
0.2416	5.988451223914331	232.1305653213302
0.24180000000000001	6.0021068210481445	232.3276611719136
0.24200000000000002	6.015781000906973	232.52476828669379
0.24220000000000003	6.029473765169628	232.72188667191745
0.2424	6.043185114180848	232.91901633342212
0.2426	6.056915048880375	233.1161572772272
0.24280000000000002	6.070663570209436	233.31330950935205
0.24300000000000002	6.084430679110729	233.5104730358161
0.24320000000000003	6.098216377115532	233.7076478628206
0.2434	6.112020664435741	233.90483399615755
0.2436	6.125843541871633	234.10203144180088
0.24380000000000002	6.139685010224889	234.29924020572446
0.24400000000000002	6.1535450702986045	234.4964602939022
0.24420000000000003	6.167423723477694	234.69369171249
0.2444	6.181320969842662	234.89093446723422
0.2446	6.195236810055646	235.08818856406336
0.24480000000000002	6.209171244780118	235.2854540089058
0.24500000000000002	6.22312427468089	235.4827308076899
0.24520000000000003	6.2370959009977085	235.68001896652615
0.2454	6.251086123681186	235.87731849111535
0.2456	6.265094943256685	236.0746293873405
0.24580000000000002	6.279122360250826	236.2719516610845
0.24600000000000002	6.293168375191504	236.4692853182302
0.24620000000000003	6.307232989174538	236.66663036484255
0.2464	6.321316202022171	236.86398680657692
0.2466	6.335418014124375	237.06135464927075
0.24680000000000002	6.349538425872323	237.25873389876145
0.24700000000000003	6.36367743765839	237.45612456088637
0.24720000000000003	6.377835050435721	237.65352664166497
0.2474	6.392011263899755	237.85094014670707
0.24760000000000001	6.406206078306512	238.0483650818047
0.24780000000000002	6.420419493913141	238.24580145274967
0.24800000000000003	6.434651510977931	238.44324926533392
0.2482	6.448902130312655	238.6407085255313
0.2484	6.463171351487545	238.83817923890626
0.24860000000000002	6.477459174626127	239.03566141120527
0.24880000000000002	6.491765599852998	239.23315504817472
0.24900000000000003	6.506090627293817	239.430660155561
0.2492	6.520434257620321	239.6281767392924
0.2494	6.5347964902791675	239.82570480488806
0.24960000000000002	6.549177325262889	240.02324435804886
0.24980000000000002	6.563576762565023	240.22079540447572
0.25	6.577994802180111	240.41835794986963
0.2502	6.592431444641219	240.61593200011333
0.2504	6.606886689273093	240.81351756068054
0.2506	6.621360535938807	241.01111463722665
0.25079999999999997	6.635852984502383	241.20872323540723
0.251	6.650364034828774	241.40634336087783
0.2512	6.6648936873137705	241.6039750194755
0.2514	6.679441941161917	241.80161821662875
0.2516	6.6940087961084025	241.9992729579475
0.25179999999999997	6.708594251889298	242.19693924904192
0.252	6.723198308241539	242.39461709552208
0.2522	6.737820965425084	242.59230650317954
0.2524	6.752462222526014	242.79000747739752
0.2526	6.76712207915324	242.9877200237406
0.25279999999999997	6.781800534916483	243.18544414777344
0.253	6.796497589426276	243.38317985506083
0.2532	6.811213242808211	243.58092715134876
0.2534	6.8259474940316816	243.7786860419752
0.2536	6.840700342580965	243.9764565324594
0.25379999999999997	6.855471787941085	244.17423862832072
0.254	6.870261829597804	244.37203233507856
0.2542	6.88507046754386	244.56983765843336
0.2544	6.899897700633779	244.76765460367798
0.2546	6.914743528228878	244.9654831762864
0.25479999999999997	6.929607949691156	245.1633233817326
0.255	6.944490964383291	245.36117522549068
0.2552	6.959392572166708	245.5590387132156
0.2554	6.974312771782915	245.7569138501552
0.2556	6.989251562471986	245.95480064173807
0.25579999999999997	7.0042089434746195	246.15269909339307
0.256	7.019184914032122	246.350609210549
0.2562	7.034179473876188	246.54853099881535
0.2564	7.049192621637193	246.74646446339491
0.2566	7.0642243564357265	246.94440960967117
0.2568	7.079274677392933	247.14236644302773
0.257	7.094343583630497	247.34033496884817
0.2572	7.109431074752002	247.53831519269656
0.2574	7.12453714927862	247.73630711973078
0.2576	7.139661806213248	247.93431075528923
0.2578	7.154805044559266	248.13232610471033
0.258	7.169966863320536	248.33035317333253
0.2582	7.185147261974172	248.52839196667446
0.25839999999999996	7.2003462389341175	248.72644248984923
0.2586	7.215563793087402	248.9245047481502
0.2588	7.2307999233214675	249.1225787468707
0.259	7.246054628524181	249.32066449130406
0.2592	7.261327908047882	249.51876198692358
0.25939999999999996	7.276619760201286	249.71687123879767
0.2596	7.291930183757418	249.9149922521747
0.2598	7.307259177489652	250.11312503230295
0.26	7.322606740171724	250.31126958443082
0.2602	7.337972871032927	250.50942591398626
0.26039999999999996	7.353357568278792	250.70759402599307
0.2606	7.3687608305702454	250.90577392565476
0.2608	7.384182656568495	251.1039656181746
0.261	7.399623044935061	251.3021691087562
0.2612	7.415081994777946	251.50038440278217
0.26139999999999997	7.43055950420158	251.6986115052318
0.2616	7.446055571756735	251.89685042126382
0.2618	7.461570195994396	252.09510115603666
0.262	7.477103375465803	252.29336371470905
0.2622	7.4926551091594815	252.49163810261845
0.26239999999999997	7.508225395080878	252.68992432469977
0.2626	7.5238142316725884	252.888222386067
0.2628	7.53942161737736	253.08653229183386
0.263	7.5550475506381325	253.2848540471143
0.2632	7.570692030325788	253.48318765720066
0.26339999999999997	7.58635505434896	253.68153312698362
0.2636	7.602036621044085	253.8798904615325
0.2638	7.6177367287476905	254.0782596659164
0.264	7.633455375796443	254.27664074520462
0.2642	7.649192560945464	254.47503370464443
0.26439999999999997	7.664948282008771	254.67343854908248
0.2646	7.680722537218693	254.87185528354343
0.2648	7.696515324807605	255.07028391305187
0.265	7.712326643007958	255.26872444263265
0.2652	7.728156490461028	255.46717687748801
0.26539999999999997	7.744004864888451	255.66564122242056
0.2656	7.759871764420562	255.86411748241065
0.2658	7.775757187187674	256.0626056624384
0.266	7.791661131320115	256.26110576748414
0.2662	7.807583553520712	256.45961780270534
0.26639999999999997	7.823524503697614	256.65814177286074
0.2666	7.839483990342639	256.8566776828863
0.2668	7.855462021951321	257.05522553771794
0.267	7.871458607022916	257.2537853422917
0.2672	7.887473708327002	257.4523571015639
0.26739999999999997	7.9035073915297875	257.650940820445
0.2676	7.919559676580194	257.84953650386575
0.2678	7.935630583434996	258.0481441567569
0.268	7.9517201320588535	258.2467637840494
0.2682	7.967828514553838	258.4453953905238
0.26839999999999997	7.98395553576564	258.6440389812987
0.2686	8.000101172630695	258.8426945613424
0.2688	8.016265402077735	259.04136213562316
0.269	8.032448201027808	259.2400417091095
0.2692	8.048649508845212	259.43873328725863
0.2694	8.064869349365917	259.63743687442764
0.2696	8.081107708879255	259.8361524754627
0.2698	8.097364573670175	260.03488009520987
0.27	8.113639930019257	260.23361973851524
0.2702	8.129933707616168	260.4323714105704
0.2704	8.146245963456947	260.6311351157895
0.2706	8.16257669796206	260.82991085893246
0.2708	8.17892591155266	261.0286986447588
0.271	8.195293604650663	261.22749847802834
0.2712	8.211679788885814	261.42631036363457
0.2714	8.228084450674334	261.6251343061699
0.2716	8.24450758763723	261.8239703103608
0.2718	8.260949197395172	262.0228183809333
0.27199999999999996	8.277409277568529	262.2216785226138
0.2722	8.29388782611646	262.42055074030196
0.2724	8.310384840234907	262.6194350385073
0.2726	8.326900317458465	262.8183314219127
0.2728	8.343434255321364	263.0172398952012
0.27299999999999996	8.359986651357467	263.21616046305564
0.2732	8.376557503428748	263.4150931303318
0.2734	8.393146808657814	263.6140379014965
0.2736	8.409754564495282	263.8129947811897
0.2738	8.426380768391313	264.01196377405097
0.27399999999999997	8.443025417795672	264.21094488472016
0.2742	8.459688510475402	264.40993811800917
0.2744	8.476370043482374	264.60894347834244
0.2746	8.493070014185632	264.8079609703169
0.2748	8.509788419953733	265.0069905985292
0.27499999999999997	8.52652525815477	265.2060323675761
0.2752	8.543280028798202	265.40508628222574
0.2754	8.560053350869236	265.60415234686053
0.2756	8.576845346130995	265.8032305660345
0.2758	8.593656136391685	266.00232094430135
0.27599999999999997	8.61048584350466	266.2014234862151
0.2762	8.627334274301653	266.4005381947023
0.2764	8.644201944509064	266.5996650763509
0.2766	8.661089054918838	266.7988041361219
0.2768	8.677995806397224	266.9979553789758
0.27699999999999997	8.694922399884897	267.19711880987353
0.2772	8.711871234017975	267.3962944310284
0.2774	8.728839763212745	267.5954822508354
0.2776	8.745827638976273	267.7946822749422
0.2778	8.762834512688327	267.9938945089962
0.27799999999999997	8.779860035601327	268.19311895864524
0.2782	8.796902378734014	268.3923556346969
0.2784	8.813963042978628	268.5916045363487
0.2786	8.831042049400951	268.79086566795826
0.2788	8.848139419074908	268.990139033883
0.27899999999999997	8.865255173082613	269.18942463848066
0.2792	8.88238940430663	269.3887224859323
0.2794	8.899542044116574	269.58803258081605
0.2796	8.916713095662743	269.7873549275337
0.2798	8.933902562097003	269.986689530487
0.27999999999999997	8.951110446572786	270.18603639407763
0.2802	8.968336776901976	270.38539552278786
0.2804	8.985581525424054	270.5847669209187
0.2806	9.002844689130113	270.78415059285186
0.2808	9.020126265010518	270.9835465429689
0.28099999999999997	9.03742625005493	271.1829547756514
0.2812	9.054744641512146	271.3823752954481
0.2814	9.07208143604563	271.5818081065317
0.2816	9.089436630577898	271.7812532132422
0.2818	9.106810222030672	271.98071061991936
0.282	9.124202207324942	272.18018033090306
0.2822	9.141612583629284	272.37966235069945
0.2824	9.159041347552764	272.5791566834405
0.2826	9.176488495951952	272.7786633334246
0.2828	9.1939540256826	272.9781823049501
0.283	9.211437933599662	273.17771360231524
0.2832	9.228940216794015	273.3772572299838
0.2834	9.246460871823146	273.5768131920472
0.2836	9.263999895480381	273.77638149276265
0.2838	9.281557284558174	273.97596213638695
0.284	9.299133035848143	274.1755551271771
0.2842	9.316727146366015	274.3751604695547
0.2844	9.334339612620571	274.5747781675709
0.28459999999999996	9.351970431344618	274.77440822544173
0.2848	9.369619599270049	274.9740506473829
0.285	9.387287113127881	275.1737054376103
0.2852	9.404972969861275	275.37337260050344
0.2854	9.42267716593323	275.57305214007357
0.28559999999999997	9.440399698018787	275.7727440604956
0.2858	9.458140562792071	275.97244836594456
0.286	9.475899756926264	276.1721650605953
0.2862	9.4936772772946	276.3718941487856
0.2864	9.511473120317238	276.5716356344869
0.28659999999999997	9.52928728261428	276.7713895218334
0.2868	9.547119760804879	276.97115581495945
0.287	9.564970551507198	277.1709345179992
0.2872	9.582839651527223	277.3707256352489
0.2874	9.600727057245264	277.5705291706404
0.28759999999999997	9.618632765229341	277.7703451282674
0.2878	9.636556772046495	277.97017351222405
0.288	9.654499074262716	278.1700143266038
0.2882	9.672459668619469	278.3698675756615
0.2884	9.69043855146024	278.5697332632898
0.28859999999999997	9.708435719303873	278.76961139354233
0.2888	9.726451168668165	278.9695019704728
0.289	9.744484896069856	279.16940499813455
0.2892	9.76253689818864	279.3693204807413
0.2894	9.780607171334252	279.56924842214664
0.28959999999999997	9.798695711979276	279.76918882636426
0.2898	9.816802516595228	279.96914169740785
0.29	9.834927581652527	280.16910703929096
0.2902	9.853070903771885	280.36908485618613
0.2904	9.8712324792324	280.56907515190835
0.29059999999999997	9.889412304463395	280.76907793043165
0.2908	9.907610375893057	280.9690931957299
0.291	9.925826689948462	281.16912095177696
0.2912	9.944061243194199	281.3691612027047
0.2914	9.96231403188188	281.5692139522896
0.29159999999999997	9.980585052400555	281.7692792044663
0.2918	9.998874301138128	281.9693569631692
0.292	10.017181774481335	282.16944723233274
0.2922	10.035507468941526	282.3695500160482
0.2924	10.053851380746012	282.56966531805404
0.29259999999999997	10.072213506246639	282.7697931422456
0.2928	10.090593841794067	282.96993349251824
0.293	10.10899238373776	283.17008637276706
0.2932	10.127409128538753	283.3702517870432
0.2934	10.145844072403284	283.57042973904714
0.29359999999999997	10.16429721164909	283.7706202326355
0.2938	10.182768542592678	283.9708232716645
0.294	10.201258061549355	284.17103885999063
0.2942	10.219765764932799	284.37126700162474
0.2944	10.23829164893144	284.57150770023
0.2946	10.256835709832034	284.77176095962415
0.2948	10.275397943920089	284.97202678362504
0.295	10.293978347479868	285.1723051760503
0.2952	10.312576916880712	285.37259614087117
0.2954	10.331193648296548	285.5728996817135
0.2956	10.349828537986323	285.77321580235684
0.2958	10.368481582207712	285.97354450658054
0.296	10.38715277721712	286.17388579816395
0.2962	10.405842119342596	286.3742396810388
0.2964	10.424549604746911	286.5746061587941
0.2966	10.443275229664403	286.7749852351712
0.2968	10.46201899032815	286.9753769139116
0.297	10.4807808829699	287.17578119875645
0.2972	10.49956090387951	287.3761980935983
0.2974	10.518359049211947	287.5766276019895
0.2976	10.537175315180233	287.7770697276339
0.2978	10.556009697996057	287.97752447423494
0.298	10.574862193869789	288.17799184549625
0.29819999999999997	10.593732799056214	288.37847184527124
0.2984	10.612621509705937	288.5789644770763
0.2986	10.631528322013903	288.77946974457745
0.2988	10.650453232173746	288.97998765144104
0.299	10.669396236377725	289.18051820133303
0.29919999999999997	10.688357330848733	289.3810613980682
0.2994	10.70733651173645	289.5816172451271
0.2996	10.726333775221104	289.78218574613874
0.2998	10.745349117481565	289.98276690473205
0.3	10.764382534695345	290.1833607245361
0.30019999999999997	10.78343402305664	290.3839672093271
0.3004	10.802503578717692	290.5845863625502
0.3006	10.821591197847358	290.78521818779745
0.3008	10.84069687661315	290.9858626886612
0.301	10.859820611181162	291.1865198687335
0.30119999999999997	10.878962397720173	291.38718973175264
0.3014	10.898122232388479	291.5878722811284
0.3016	10.917300111346997	291.78856752041645
0.3018	10.936496030755245	291.9892754531726
0.302	10.955709986771339	292.1899960829525
0.30219999999999997	10.974941975541906	292.3907294134566
0.3024	10.99419199323487	292.59147544805984
0.3026	11.013460036006624	292.79223419028176
0.3028	11.032746100012162	292.99300564364205
0.303	11.052050181405034	293.1937898116602
0.30319999999999997	11.071372276313058	293.3945866979991
0.3034	11.090712380917376	293.5953963059994
0.3036	11.110070491373326	293.7962186391446
0.3038	11.129446603834854	293.99705370091885
0.304	11.14884071445442	294.19790149480565
0.30419999999999997	11.168252819344413	294.39876202443077
0.3044	11.187682914702789	294.5996352931007
0.3046	11.207130996687365	294.80052130426367
0.3048	11.226597061454518	295.00142006136815
0.305	11.246081105159167	295.2023315678624
0.30519999999999997	11.265583123901635	295.40325582733516
0.3054	11.285103113900382	295.60419284305937
0.3056	11.304641071319223	295.8051426184481
0.3058	11.324196992320534	296.00610515691466
0.306	11.343770873065223	296.2070804618723
0.30619999999999997	11.36336270964502	296.40806853687315
0.3064	11.382972498302543	296.6090693851569
0.3066	11.402600235211198	296.8100830101019
0.3068	11.422245916542938	297.0111094150867
0.307	11.441909538468222	297.21214860348977
0.3072	11.461591097073686	297.4132005788271
0.3074	11.481290588629804	297.6142653443054
0.3076	11.501008009323197	297.81534290326874
0.3078	11.520743355339002	298.0164332590613
0.308	11.540496622860866	298.2175364150271
0.3082	11.560267807973824	298.41865237464634
0.3084	11.580056906979971	298.6197811410932
0.3086	11.599863916082771	298.8209227176778
0.3088	11.619688831484206	299.0220771077103
0.309	11.63953164938474	299.22324431450073
0.3092	11.65939236587137	299.42442434149376
0.3094	11.679270977281588	299.62561719183157
0.3096	11.699167479839373	299.82682286879054
0.3098	11.719081869767225	300.0280413756473
0.31	11.739014143286125	300.22927271567835
0.3102	11.758964296488612	300.43051689229304
0.3104	11.778932325751374	300.631773908602
0.3106	11.798918227322607	300.83304376784827
0.31079999999999997	11.818921997449051	301.03432647327537
0.311	11.838943632375917	301.2356220281266
0.3112	11.858983128204903	301.4369304357765
0.3114	11.879040481355704	301.6382516993043
0.3116	11.899115688104516	301.8395858219205
0.31179999999999997	11.919208744726024	302.04093280683554
0.312	11.939319647493418	302.24229265726007
0.3122	11.959448392521217	302.44366537653406
0.3124	11.979594976276001	302.6450509677061
0.3126	11.9997593950657	302.84644943395415
0.31279999999999997	12.019941645196733	303.04786077845625
0.313	12.040141722974038	303.2492850043907
0.3132	12.06035962452866	303.45072211506334
0.3134	12.080595346377924	303.65217211349244
0.3136	12.100848884865284	303.85363500282386
0.31379999999999997	12.121120236332722	304.05511078620384
0.314	12.141409397120691	304.2565994667784
0.3142	12.161716363380478	304.45810104782
0.3144	12.182041131684075	304.6596155323167
0.3146	12.202383698414321	304.86114292338306
0.31479999999999997	12.22274405995255	305.0626832241335
0.315	12.243122212678601	305.26423643768254
0.3152	12.26351815276778	305.4658025672693
0.3154	12.28393187685065	305.66738161585255
0.3156	12.304363381353259	305.86897358651544
0.31579999999999997	12.324812662700182	306.07057848234143
0.316	12.345279717314476	306.27219630641383
0.3162	12.365764541399235	306.47382706193883
0.3164	12.386267131647553	306.67547075184615
0.3166	12.406787484532593	306.8771273791883
0.31679999999999997	12.427325596526021	307.0787969470179
0.317	12.447881464098026	307.2804794583877
0.3172	12.468455083483299	307.4821749164712
0.3174	12.489046451441448	307.6838833241697
0.3176	12.509655564496644	307.88560468450544
0.31779999999999997	12.53028241917157	308.0873390005007
0.318	12.550927011987426	308.28908627517785
0.3182	12.57158933921438	308.4908465116785
0.3184	12.59226939768253	308.6926197128758
0.3186	12.612967183970975	308.894405881762
0.3188	12.633682694657363	309.09620502132975
0.319	12.654415926317846	309.29801713457147
0.3192	12.67516687552708	309.4998422244795
0.3194	12.69593553885826	309.7016802940464
0.3196	12.716721912883068	309.9035313462645
0.3198	12.73752599417173	310.1053953841264
0.32	12.75834777929296	310.3072724106244