READ SERR 1 2
@crab_ratio_SA80_d49.pco
!
0.254999995 4.99999523E-3 1.54484236 8.79986584E-3
0.264999986 5.00001013E-3 1.48687887 7.8721242E-3
0.275000006 4.99999523E-3 1.41450298 7.07767904E-3
0.284999996 4.99999523E-3 1.35474193 6.39761612E-3
0.295000017 5.00001013E-3 1.30854309 5.78788621E-3
0.305000007 4.99999523E-3 1.25877976 5.23418514E-3
0.314999998 4.99999523E-3 1.19143331 4.65942174E-3
0.324999988 5.00001013E-3 1.1551826 4.17535985E-3
0.335000008 4.99999523E-3 1.12090719 3.72945354E-3
0.344999999 4.99999523E-3 1.0862416 3.32359783E-3
0.355000019 5.00001013E-3 1.05829918 2.96255737E-3
0.36500001 4.99999523E-3 1.04241836 2.65710615E-3
0.375 4.99999523E-3 1.02385724 2.38060136E-3
0.38499999 4.99999523E-3 1.01547945 2.14850856E-3
0.394999981 5.00001013E-3 1.00348794 1.94071978E-3
0.405000001 4.99999523E-3 1.00233626 1.767357E-3
0.414999992 4.99999523E-3 0.999108493 1.61514024E-3
0.425000012 5.00001013E-3 0.997103751 1.4836014E-3
0.435000002 4.99999523E-3 0.997682333 1.37234293E-3
0.444999993 4.99999523E-3 0.997297764 1.27720635E-3
0.454999983 5.00001013E-3 1.00112331 1.19989249E-3
0.465000004 4.99999523E-3 1.00402963 1.13629806E-3
0.474999994 4.99999523E-3 1.00626361 1.08485844E-3
0.485000014 5.00001013E-3 1.00655484 1.04462611E-3
0.495000005 4.99999523E-3 1.00586724 1.01534335E-3
0.504999995 4.99999523E-3 1.00583088 9.96910036E-4
0.514999986 4.99999523E-3 1.00119734 9.85286548E-4
0.524999976 4.99999523E-3 0.994921982 9.80335171E-4
0.534999967 5.00002503E-3 0.986031115 9.78499535E-4
0.545000017 4.99999523E-3 0.973447502 9.76103067E-4
0.555000007 4.99999523E-3 0.965102375 9.73492395E-4
0.564999998 4.99999523E-3 0.957907617 9.66041523E-4
0.574999988 4.99999523E-3 0.95272398 9.52766743E-4
0.584999979 4.99999523E-3 0.953691959 9.35974705E-4
0.595000029 5.00002503E-3 0.957806945 9.15901153E-4
0.605000019 4.99999523E-3 0.964069724 8.94100114E-4
0.61500001 4.99999523E-3 0.973104775 8.72972014E-4
0.625 4.99999523E-3 0.980808914 8.51799792E-4
0.63499999 4.99999523E-3 0.99010402 8.33104365E-4
0.644999981 4.99999523E-3 0.999024928 8.16443062E-4
0.654999971 5.00002503E-3 1.00567877 8.01160117E-4
0.665000021 4.99999523E-3 1.0155313 7.89568585E-4
0.675000012 4.99999523E-3 1.02374828 7.79431604E-4
0.685000002 4.99999523E-3 1.02735376 7.6935027E-4
0.694999993 4.99999523E-3 1.03211486 7.61102245E-4
0.704999983 4.99999523E-3 1.03508723 7.53174711E-4
0.715000033 5.00002503E-3 1.03421986 7.44308054E-4
0.725000024 4.99999523E-3 1.03579879 7.36380578E-4
0.735000014 4.99999523E-3 1.0341841 7.27258797E-4
0.745000005 4.99999523E-3 1.03326166 7.18387892E-4
0.754999995 4.99999523E-3 1.03242004 7.09589571E-4
0.764999986 4.99999523E-3 1.0301882 7.00629549E-4
0.774999976 4.99999523E-3 1.02832246 6.92244561E-4
0.784999967 5.00002503E-3 1.02591085 6.84475817E-4
0.795000017 4.99999523E-3 1.02408099 6.77671225E-4
0.805000007 4.99999523E-3 1.02300942 6.72082882E-4
0.814999998 4.99999523E-3 1.0201596 6.66919572E-4
0.824999988 4.99999523E-3 1.01505029 6.62012899E-4
0.834999979 4.99999523E-3 1.01064456 6.58393488E-4
0.845000029 5.00002503E-3 1.00579309 6.55497599E-4
0.855000019 4.99999523E-3 1.00070953 6.5326388E-4
0.86500001 4.99999523E-3 0.996384501 6.51817245E-4
0.875 4.99999523E-3 0.990290761 6.50047499E-4
0.88499999 4.99999523E-3 0.987339377 6.49307214E-4
0.894999981 4.99999523E-3 0.984429896 6.4836879E-4
0.904999971 5.00002503E-3 0.983617008 6.47833105E-4
0.915000021 4.99999523E-3 0.98203069 6.46679197E-4
0.925000012 4.99999523E-3 0.982236922 6.45843451E-4
0.935000002 4.99999523E-3 0.982589602 6.44794316E-4
0.944999993 4.99999523E-3 0.983708441 6.43912645E-4
0.954999983 4.99999523E-3 0.986104727 6.43403851E-4
0.965000033 5.00002503E-3 0.98689431 6.42428E-4
0.975000024 4.99999523E-3 0.988265932 6.41751045E-4
0.985000014 4.99999523E-3 0.988874793 6.40978862E-4
0.995000005 4.99999523E-3 0.989480734 6.40317448E-4
1.005 4.99999523E-3 0.990213156 6.39896956E-4
1.01499999 4.99999523E-3 0.992851794 6.40212675E-4
1.02499998 4.99999523E-3 0.991779983 6.39492529E-4
1.03499997 4.99999523E-3 0.994022846 6.39992999E-4
1.04499996 4.99999523E-3 0.992325783 6.3932396E-4
1.05499995 4.99999523E-3 0.990995824 6.38949976E-4
1.06500006 5.00005484E-3 0.991636634 6.3932006E-4
1.07500005 4.99999523E-3 0.991786897 6.39654521E-4
1.08500004 4.99999523E-3 0.990917802 6.39763253E-4
1.09500003 4.99999523E-3 0.991114497 6.40360988E-4
1.10500002 4.99999523E-3 0.991382837 6.41072984E-4
1.11500001 4.99999523E-3 0.991822422 6.41985913E-4
1.125 4.99999523E-3 0.99145329 6.42738654E-4
1.13499999 4.99999523E-3 0.991300523 6.43662293E-4
1.14499998 4.99999523E-3 0.991393089 6.44755899E-4
1.15499997 4.99999523E-3 0.992434084 6.46292465E-4
1.16499996 4.99999523E-3 0.991401076 6.47253008E-4
1.17499995 4.99999523E-3 0.99210763 6.48877758E-4
1.18499994 5.00005484E-3 0.99275279 6.50596514E-4
1.19500005 4.99999523E-3 0.992473781 6.5206486E-4
1.20500004 4.99999523E-3 0.992690384 6.53823838E-4
1.21500003 4.99999523E-3 0.993495941 6.55882293E-4
1.22500002 4.99999523E-3 0.993323267 6.57706987E-4
1.23500001 4.99999523E-3 0.994780898 6.6014647E-4
1.245 4.99999523E-3 0.993782997 6.61905564E-4
1.255 4.99999523E-3 0.994874835 6.64488762E-4
1.26499999 4.99999523E-3 0.99341011 6.66347856E-4
1.27499998 4.99999523E-3 0.993766963 6.68922847E-4
1.28499997 4.99999523E-3 0.99362427 6.71479094E-4
1.29499996 4.99999523E-3 0.992602766 6.73872943E-4
1.30499995 4.99999523E-3 0.990015566 6.75768824E-4
1.31500006 5.00005484E-3 0.990708053 6.78854238E-4
1.32500005 4.99999523E-3 0.990791202 6.81773992E-4
1.33500004 4.99999523E-3 0.991147041 6.84778322E-4
1.34500003 4.99999523E-3 0.991483629 6.87725609E-4
1.35500002 4.99999523E-3 0.993731022 6.91290654E-4
1.36500001 4.99999523E-3 0.992481828 6.9361896E-4
1.375 4.99999523E-3 0.992382348 6.96283474E-4
1.38499999 4.99999523E-3 0.991846085 6.98746531E-4
1.39499998 4.99999523E-3 0.993554235 7.020185E-4
1.40499997 4.99999523E-3 0.994344532 7.04940001E-4
1.41499996 4.99999523E-3 0.993192971 7.07194617E-4
1.42499995 4.99999523E-3 0.99272269 7.09694927E-4
1.43499994 5.00005484E-3 0.99374491 7.12778885E-4
1.44500005 4.99999523E-3 0.995527267 7.16170704E-4
1.45500004 4.99999523E-3 0.99459213 7.18649884E-4
1.46500003 4.99999523E-3 0.995539308 7.21900782E-4
1.47500002 4.99999523E-3 0.994254231 7.24454003E-4
1.48500001 4.99999523E-3 0.997301042 7.28832616E-4
1.495 4.99999523E-3 0.995825052 7.31728564E-4
1.505 4.99999523E-3 0.996781528 7.35868758E-4
1.51499999 4.99999523E-3 0.995765507 7.39623385E-4
1.52499998 4.99999523E-3 0.995467424 7.44016259E-4
1.53499997 4.99999523E-3 0.993208289 7.47920014E-4
1.54499996 4.99999523E-3 0.994210899 7.53403583E-4
1.55499995 4.99999523E-3 0.992917597 7.58201466E-4
1.56500006 5.00005484E-3 0.992098868 7.63213495E-4
1.57500005 4.99999523E-3 0.991567135 7.6821004E-4
1.58500004 4.99999523E-3 0.990494251 7.72781437E-4
1.59500003 4.99999523E-3 0.99031198 7.77366688E-4
1.60500002 4.99999523E-3 0.991472483 7.82127841E-4
1.61500001 4.99999523E-3 0.99524188 7.87565019E-4
1.625 4.99999523E-3 0.996656001 7.91731931E-4
1.63499999 4.99999523E-3 0.99823004 7.95743486E-4
1.64499998 4.99999523E-3 0.999195397 7.9928065E-4
1.65499997 4.99999523E-3 1.00231671 8.03591101E-4
1.66499996 4.99999523E-3 1.00391245 8.07143981E-4
1.67499995 4.99999523E-3 1.00687337 8.11022532E-4
1.68499994 5.00005484E-3 1.00879025 8.14276573E-4
1.69500005 4.99999523E-3 1.00837088 8.16111628E-4
1.70500004 4.99999523E-3 1.00917912 8.17928347E-4
1.71500003 4.99999523E-3 1.00718188 8.18064844E-4
1.72500002 4.99999523E-3 1.0051173 8.17738939E-4
1.73500001 4.99999523E-3 1.00054562 8.16174434E-4
1.745 4.99999523E-3 0.996225655 8.14856903E-4
1.755 4.99999523E-3 0.993433058 8.14689847E-4
1.76499999 4.99999523E-3 0.987856269 8.14306084E-4
1.77499998 4.99999523E-3 0.988093615 8.17664433E-4
1.78499997 4.99999523E-3 0.989087939 8.22880189E-4
1.79499996 4.99999523E-3 0.986452878 8.28286749E-4
1.80499995 4.99999523E-3 0.988197863 8.37365107E-4
1.81500006 5.00005484E-3 0.989359081 8.47761286E-4
1.82500005 4.99999523E-3 0.990060866 8.59476568E-4
1.83500004 4.99999523E-3 0.989906371 8.71827651E-4
1.84500003 4.99999523E-3 0.994602919 8.8695559E-4
1.85500002 4.99999523E-3 0.994211853 8.99903302E-4
1.86500001 4.99999523E-3 0.994753897 9.12704796E-4
1.875 4.99999523E-3 0.994424224 9.24223219E-4
1.88499999 4.99999523E-3 0.995937467 9.35088086E-4
1.89499998 4.99999523E-3 0.996538699 9.44368192E-4
1.90499997 4.99999523E-3 0.996746302 9.51986876E-4
1.91499996 4.99999523E-3 0.998317778 9.59229481E-4
1.92499995 4.99999523E-3 0.998953521 9.65279352E-4
1.93499994 5.00005484E-3 1.00057876 9.7125984E-4
1.94500005 4.99999523E-3 1.00125468 9.76476877E-4
1.95500004 4.99999523E-3 1.00273228 9.81959398E-4
1.96500003 4.99999523E-3 1.00346291 9.86990752E-4
1.97500002 4.99999523E-3 1.00382304 9.92086367E-4
1.98500001 4.99999523E-3 1.00456381 9.97412251E-4
1.995 4.99999523E-3 1.00620008 1.00338529E-3
2.00500011 4.99999523E-3 1.00762594 1.0092695E-3
2.01499987 4.99999523E-3 1.00594854 1.01386674E-3
2.0250001 4.99999523E-3 1.00793278 1.02049764E-3
2.03499985 4.99999523E-3 1.009179 1.02687604E-3
2.04500008 4.99999523E-3 1.01035035 1.03351485E-3
2.05499983 4.99999523E-3 1.01066315 1.03978673E-3
2.06500006 4.99999523E-3 1.0090692 1.0451983E-3
2.07499981 4.99999523E-3 1.01191556 1.05328823E-3
2.08500004 4.99999523E-3 1.01251507 1.06062985E-3
2.09499979 4.99999523E-3 1.01122975 1.06723211E-3
2.10500002 4.99999523E-3 1.01266062 1.07582391E-3
2.11499977 4.99999523E-3 1.01361501 1.08493201E-3
2.125 5.00011444E-3 1.01401126 1.09444803E-3
2.13500023 4.99999523E-3 1.01578319 1.10596465E-3
2.14499998 4.99999523E-3 1.01532018 1.1176304E-3
2.15500021 4.99999523E-3 1.01982152 1.13363599E-3
2.16499996 4.99999523E-3 1.01752234 1.14789687E-3
2.17500019 4.99999523E-3 1.02015579 1.1675196E-3
2.18499994 4.99999523E-3 1.02025986 1.18835818E-3
2.19500017 4.99999523E-3 1.02022743 1.21197558E-3
2.20499992 4.99999523E-3 1.02109313 1.2392794E-3
2.21500015 4.99999523E-3 1.02239573 1.26972783E-3
2.2249999 4.99999523E-3 1.0227772 1.30222749E-3
2.23500013 4.99999523E-3 1.02082098 1.33543264E-3
2.24499989 4.99999523E-3 1.02614725 1.37484237E-3
2.25500011 4.99999523E-3 1.02726233 1.41163019E-3
2.26499987 4.99999523E-3 1.02880645 1.44819543E-3
2.2750001 4.99999523E-3 1.03342152 1.48512691E-3
2.28499985 4.99999523E-3 1.03937101 1.52060029E-3
2.29500008 4.99999523E-3 1.04318404 1.55085546E-3
2.30499983 4.99999523E-3 1.04637384 1.57678442E-3
2.31500006 4.99999523E-3 1.05176508 1.60079333E-3
2.32499981 4.99999523E-3 1.05133319 1.61586457E-3
2.33500004 4.99999523E-3 1.05266464 1.62859506E-3
2.34499979 4.99999523E-3 1.05550635 1.63865916E-3
2.35500002 4.99999523E-3 1.04990482 1.63935695E-3
2.36499977 4.99999523E-3 1.0473721 1.6401629E-3
2.375 5.00011444E-3 1.04819024 1.64146116E-3
2.38500023 4.99999523E-3 1.04736614 1.64022588E-3
2.39499998 4.99999523E-3 1.04847705 1.63973821E-3
2.40500021 4.99999523E-3 1.04334927 1.63416774E-3
2.41499996 4.99999523E-3 1.04223692 1.63170008E-3
2.42500019 4.99999523E-3 1.03967786 1.62860425E-3
2.43499994 4.99999523E-3 1.04218388 1.62982056E-3
2.44500017 4.99999523E-3 1.0359751 1.62463775E-3
2.45499992 4.99999523E-3 1.03491211 1.6241736E-3
2.46500015 4.99999523E-3 1.03528202 1.62568432E-3
2.4749999 4.99999523E-3 1.03591502 1.62765069E-3
2.48500013 4.99999523E-3 1.03346026 1.6280436E-3
2.49499989 4.99999523E-3 1.03419578 1.6310066E-3
2.50500011 4.99999523E-3 1.02904761 1.62957842E-3
2.51499987 4.99999523E-3 1.03463316 1.63715135E-3
2.5250001 4.99999523E-3 1.03018868 1.63720641E-3
2.53499985 4.99999523E-3 1.02803087 1.63913774E-3
2.54500008 4.99999523E-3 1.03222692 1.64683233E-3
2.55499983 4.99999523E-3 1.02977967 1.64903793E-3
2.56500006 4.99999523E-3 1.03235865 1.65565871E-3
2.57499981 4.99999523E-3 1.02905989 1.65782555E-3
2.58500004 4.99999523E-3 1.03037632 1.66422362E-3
2.59499979 4.99999523E-3 1.03138018 1.67111657E-3
2.60500002 4.99999523E-3 1.03376627 1.67897413E-3
2.61499977 4.99999523E-3 1.03514016 1.68650318E-3
2.625 5.00011444E-3 1.03439307 1.69292476E-3
2.63500023 4.99999523E-3 1.0365653 1.70229794E-3
2.64499998 4.99999523E-3 1.03574085 1.70959369E-3
2.65500021 4.99999523E-3 1.03911304 1.72100263E-3
2.66499996 4.99999523E-3 1.03913665 1.7300871E-3
2.67500019 4.99999523E-3 1.04154277 1.74136518E-3
2.68499994 4.99999523E-3 1.04303372 1.75261789E-3
2.69500017 4.99999523E-3 1.03876126 1.75907649E-3
2.70499992 4.99999523E-3 1.0434494 1.77335332E-3
2.71500015 4.99999523E-3 1.03619289 1.77731202E-3
2.7249999 4.99999523E-3 1.03619933 1.78746576E-3
2.73500013 4.99999523E-3 1.03750753 1.79821427E-3
2.74499989 4.99999523E-3 1.03360641 1.80392864E-3
2.75500011 4.99999523E-3 1.02735949 1.80665893E-3
2.76499987 4.99999523E-3 1.0323993 1.81897893E-3
2.7750001 4.99999523E-3 1.02739906 1.82103971E-3
2.78499985 4.99999523E-3 1.0298239 1.82915258E-3
2.79500008 4.99999523E-3 1.03057134 1.83543528E-3
2.80499983 4.99999523E-3 1.02720237 1.83678651E-3
2.81500006 4.99999523E-3 1.02950704 1.84303022E-3
2.82499981 4.99999523E-3 1.02531672 1.84362649E-3
2.83500004 4.99999523E-3 1.03104353 1.85238826E-3
2.84499979 4.99999523E-3 1.02678442 1.85245089E-3
2.85500002 4.99999523E-3 1.03092384 1.86028215E-3
2.86499977 4.99999523E-3 1.02841067 1.86151592E-3
2.875 5.00011444E-3 1.02979112 1.86682062E-3
2.88500023 4.99999523E-3 1.02848065 1.86998595E-3
2.89499998 4.99999523E-3 1.02682173 1.87294802E-3
2.90500021 4.99999523E-3 1.02630997 1.87742559E-3
2.91499996 4.99999523E-3 1.02583814 1.8816255E-3
2.92500019 4.99999523E-3 1.02381301 1.88454171E-3
2.93499994 4.99999523E-3 1.02171528 1.88780192E-3
2.94500017 4.99999523E-3 1.02528262 1.89647579E-3
2.95499992 4.99999523E-3 1.02718139 1.90368458E-3
2.96500015 4.99999523E-3 1.02483201 1.90702605E-3
2.9749999 4.99999523E-3 1.02016604 1.90808356E-3
2.98500013 4.99999523E-3 1.02569425 1.91928505E-3
2.99499989 4.99999523E-3 1.02471626 1.92406354E-3
3.00500011 4.99999523E-3 1.02412605 1.92995416E-3
3.01499987 4.99999523E-3 1.02360392 1.93543849E-3
3.0250001 4.99999523E-3 1.02108252 1.93988928E-3
3.03499985 4.99999523E-3 1.01900065 1.94422889E-3
3.04500008 4.99999523E-3 1.02057242 1.95276272E-3
3.05499983 4.99999523E-3 1.01920259 1.95825309E-3
3.06500006 4.99999523E-3 1.01895332 1.96529063E-3
3.07499981 4.99999523E-3 1.01756334 1.97195471E-3
3.08500004 4.99999523E-3 1.0184499 1.9800053E-3
3.09499979 4.99999523E-3 1.0179342 1.98741886E-3
3.10500002 4.99999523E-3 1.01416719 1.99237303E-3
3.11499977 4.99999523E-3 1.01573074 2.00177636E-3
3.125 5.00011444E-3 1.01410913 2.00911891E-3
3.13500023 4.99999523E-3 1.01337874 2.01641885E-3
3.14499998 4.99999523E-3 1.01557136 2.0273847E-3
3.15500021 4.99999523E-3 1.01265728 2.03282316E-3
3.16499996 4.99999523E-3 1.01056564 2.03930261E-3
3.17500019 4.99999523E-3 1.01436317 2.05171248E-3
3.18499994 4.99999523E-3 1.01208866 2.05811881E-3
3.19500017 4.99999523E-3 1.01076353 2.06486625E-3
3.20499992 4.99999523E-3 1.01272404 2.0748612E-3
3.21500015 4.99999523E-3 1.01529634 2.08505825E-3
3.2249999 4.99999523E-3 1.01373327 2.09085317E-3
3.23500013 4.99999523E-3 1.01429725 2.09891843E-3
3.24499989 4.99999523E-3 1.01182604 2.1033443E-3
3.25500011 4.99999523E-3 1.01495564 2.11356301E-3
3.26499987 4.99999523E-3 1.01950729 2.12552305E-3
3.2750001 4.99999523E-3 1.01235533 2.12518545E-3
3.28499985 4.99999523E-3 1.01444399 2.13400414E-3
3.29500008 4.99999523E-3 1.01268947 2.13920651E-3
3.30499983 4.99999523E-3 1.01161957 2.14570598E-3
3.31500006 4.99999523E-3 1.0107069 2.15184712E-3
3.32499981 4.99999523E-3 1.01053536 2.15866836E-3
3.33500004 4.99999523E-3 1.0127306 2.16846261E-3
3.34499979 4.99999523E-3 1.00634754 2.16944795E-3
3.35500002 4.99999523E-3 1.0113219 2.18294444E-3
3.36499977 4.99999523E-3 1.00528324 2.1848937E-3
3.375 5.00011444E-3 1.01250899 2.20062956E-3
3.38500023 4.99999523E-3 1.00587904 2.20180885E-3
3.39499998 4.99999523E-3 1.00463951 2.2092571E-3
3.40500021 4.99999523E-3 1.00687444 2.22017895E-3
3.41499996 4.99999523E-3 1.00294292 2.22407188E-3
3.42500019 4.99999523E-3 1.00909424 2.2395649E-3
3.43499994 4.99999523E-3 1.00087023 2.23898934E-3
3.44500017 4.99999523E-3 1.00328052 2.25042528E-3
3.45499992 4.99999523E-3 1.00604045 2.26186239E-3
3.46500015 4.99999523E-3 1.00444031 2.26776209E-3
3.4749999 4.99999523E-3 0.997348726 2.26784474E-3
3.48500013 4.99999523E-3 1.00088167 2.27900385E-3
3.49499989 4.99999523E-3 1.00353169 2.29000277E-3
3.50500011 4.99999523E-3 0.994174898 2.28647166E-3
3.51499987 4.99999523E-3 1.00215435 2.30325363E-3
3.5250001 4.99999523E-3 0.999361873 2.30769441E-3
3.53499985 4.99999523E-3 1.00041163 2.3158805E-3
3.54500008 4.99999523E-3 1.0006479 2.3237206E-3
3.55499983 4.99999523E-3 0.998903453 2.329109E-3
3.56500006 4.99999523E-3 1.00044632 2.33882712E-3
3.57499981 4.99999523E-3 1.00078952 2.34736479E-3
3.58500004 4.99999523E-3 1.00153196 2.35611293E-3
3.59499979 4.99999523E-3 0.999137342 2.36097933E-3
3.60500002 4.99999523E-3 0.999805987 2.37032119E-3
3.61499977 4.99999523E-3 1.00145054 2.38070847E-3
3.625 5.00011444E-3 0.999780416 2.38685659E-3
3.63500023 4.99999523E-3 0.999233842 2.39519821E-3
3.64499998 4.99999523E-3 0.998752058 2.40285113E-3
3.65500021 4.99999523E-3 0.998889327 2.41210498E-3
3.66499996 4.99999523E-3 0.995236635 2.41614715E-3
3.67500019 4.99999523E-3 1.00015914 2.43074703E-3
3.68499994 4.99999523E-3 1.00248981 2.44250637E-3
3.69500017 4.99999523E-3 0.999576032 2.44823331E-3
3.70499992 4.99999523E-3 0.998109221 2.45521311E-3
3.71500015 4.99999523E-3 0.9996261 2.46673985E-3
3.7249999 4.99999523E-3 0.998849571 2.4745625E-3
3.73500013 4.99999523E-3 0.999457002 2.48451438E-3
3.74499989 4.99999523E-3 0.99528718 2.48836703E-3
3.75500011 4.99999523E-3 1.00183284 2.50688987E-3
3.76499987 4.99999523E-3 0.997676432 2.51053181E-3
3.7750001 4.99999523E-3 0.99868995 2.5207724E-3
3.78499985 4.99999523E-3 1.00127065 2.53343489E-3
3.79500008 4.99999523E-3 0.997661293 2.53830827E-3
3.80499983 4.99999523E-3 0.994614363 2.54400051E-3
3.81500006 4.99999523E-3 0.999049604 2.55886745E-3
3.82499981 4.99999523E-3 0.9953143 2.56479485E-3
3.83500004 4.99999523E-3 0.996449769 2.5752231E-3
3.84499979 4.99999523E-3 0.999874949 2.5891948E-3
3.85500002 4.99999523E-3 1.00193715 2.60147429E-3
3.86499977 4.99999523E-3 0.995098948 2.60278233E-3
3.875 5.00011444E-3 0.997723281 2.61515682E-3
3.88500023 4.99999523E-3 0.995524764 2.6228826E-3
3.89499998 4.99999523E-3 0.994142532 2.63022655E-3
3.90500021 4.99999523E-3 0.992857099 2.63852649E-3
3.91499996 4.99999523E-3 0.995849848 2.65236245E-3
3.92500019 4.99999523E-3 0.995352089 2.66273506E-3
3.93499994 4.99999523E-3 0.99228698 2.66863382E-3
3.94500017 4.99999523E-3 0.997811317 2.68562487E-3
3.95499992 4.99999523E-3 0.995069802 2.69252667E-3
3.96500015 4.99999523E-3 0.998843729 2.70754565E-3
3.9749999 4.99999523E-3 0.998279452 2.71749613E-3
3.98500013 4.99999523E-3 0.994615912 2.72301864E-3
3.99499989 4.99999523E-3 0.989902675 2.72633322E-3
4.00500011 5.00011444E-3 0.992349505 2.74005043E-3
4.01500034 4.99987602E-3 0.991909921 2.74977437E-3
4.0250001 5.00011444E-3 0.9981879 2.76898639E-3
4.03499985 4.99987602E-3 0.994098186 2.77447398E-3
4.04500008 5.00011444E-3 0.989567637 2.77944724E-3
4.05500031 4.99987602E-3 0.991446197 2.79232953E-3
4.06500006 5.00011444E-3 0.994195282 2.80603254E-3
4.07499981 4.99987602E-3 0.992418766 2.81393621E-3
4.08500004 5.00011444E-3 0.994291306 2.82749231E-3
4.09500027 4.99987602E-3 0.997519732 2.84299511E-3
4.10500002 5.00011444E-3 0.994006932 2.8489423E-3
4.11499977 4.99987602E-3 0.992049158 2.85773864E-3
4.125 5.00011444E-3 0.991132081 2.8677776E-3
4.13500023 4.99987602E-3 0.986484647 2.87079578E-3
4.14499998 5.00011444E-3 0.990662754 2.8875561E-3
4.15499973 4.99987602E-3 0.992176116 2.9018994E-3
4.16499996 5.00011444E-3 0.988161504 2.90669734E-3
4.17500019 4.99987602E-3 0.990817904 2.92157615E-3
4.18499994 5.00011444E-3 0.983688653 2.92257546E-3
4.19499969 4.99987602E-3 0.988856554 2.94259284E-3
4.20499992 5.00011444E-3 0.981986403 2.94353603E-3
4.21500015 4.99987602E-3 0.984466851 2.95851799E-3
4.2249999 5.00011444E-3 0.987052381 2.97429622E-3
4.23499966 4.99987602E-3 0.987548232 2.98910262E-3
4.24499989 5.00011444E-3 0.983525097 2.99225887E-3
4.25500011 5.00011444E-3 0.988207161 3.01112211E-3
4.26500034 4.99987602E-3 0.985087812 3.01837525E-3
4.2750001 5.00011444E-3 0.981054187 3.02446121E-3
4.28499985 4.99987602E-3 0.990583241 3.05149518E-3
4.29500008 5.00011444E-3 0.988974988 3.06173111E-3
4.30500031 4.99987602E-3 0.986617744 3.07149231E-3
4.31500006 5.00011444E-3 0.988112569 3.08501255E-3
4.32499981 4.99987602E-3 0.988793552 3.09795234E-3
4.33500004 5.00011444E-3 0.987163782 3.10791656E-3
4.34500027 4.99987602E-3 0.985576332 3.11826193E-3
4.35500002 5.00011444E-3 0.984533727 3.12945945E-3
4.36499977 4.99987602E-3 0.989763677 3.15003237E-3
4.375 5.00011444E-3 0.986758351 3.15675582E-3
4.38500023 4.99987602E-3 0.985924721 3.16707254E-3
4.39499998 5.00011444E-3 0.991978705 3.18896607E-3
4.40499973 4.99987602E-3 0.989105999 3.19668883E-3
4.41499996 5.00011444E-3 0.980617404 3.19581991E-3
4.42500019 4.99987602E-3 0.985423028 3.21755558E-3
4.43499994 5.00011444E-3 0.986528575 3.23058711E-3
4.44499969 4.99987602E-3 0.985657871 3.24279745E-3
4.45499992 5.00011444E-3 0.98308301 3.24940332E-3
4.46500015 4.99987602E-3 0.98717016 3.2683278E-3
4.4749999 5.00011444E-3 0.978337049 3.26722581E-3
4.48499966 4.99987602E-3 0.980989814 3.28405015E-3
4.49499989 5.00011444E-3 0.988509536 3.3103358E-3
4.50500011 5.00011444E-3 0.982797801 3.31266061E-3
4.51500034 4.99987602E-3 0.988747597 3.33516602E-3
4.5250001 5.00011444E-3 0.982350528 3.33763123E-3
4.53499985 4.99987602E-3 0.982119083 3.35209747E-3
4.54500008 5.00011444E-3 0.978303134 3.35699529E-3
4.55500031 4.99987602E-3 0.985888898 3.38275754E-3
4.56500006 5.00011444E-3 0.979080617 3.38477874E-3
4.57499981 4.99987602E-3 0.977315664 3.39509803E-3
4.58500004 5.00011444E-3 0.98157084 3.41424043E-3
4.59500027 4.99987602E-3 0.984582961 3.43270088E-3
4.60500002 5.00011444E-3 0.976369262 3.43254581E-3
4.61499977 4.99987602E-3 0.986453652 3.46215442E-3
4.625 5.00011444E-3 0.978439033 3.46310902E-3
4.63500023 4.99987602E-3 0.977494597 3.4739729E-3
4.64499998 5.00011444E-3 0.983047724 3.49898846E-3
4.65499973 4.99987602E-3 0.979361475 3.50570004E-3
4.66499996 5.00011444E-3 0.976087213 3.51341348E-3
4.67500019 4.99987602E-3 0.984587967 3.54172103E-3
4.68499994 5.00011444E-3 0.983350098 3.55241843E-3
4.69499969 4.99987602E-3 0.977921069 3.55627178E-3
4.70499992 5.00011444E-3 0.980008245 3.57500766E-3
4.71500015 4.99987602E-3 0.976419806 3.58200702E-3
4.7249999 5.00011444E-3 0.987974167 3.61604732E-3
4.73499966 4.99987602E-3 0.980002046 3.61610018E-3
4.74499989 5.00011444E-3 0.98080641 3.63051519E-3
4.75500011 5.00011444E-3 0.974866271 3.63300601E-3
4.76500034 4.99987602E-3 0.983904183 3.66460183E-3
4.7750001 5.00011444E-3 0.976096272 3.66644911E-3
4.78499985 4.99987602E-3 0.979423106 3.68593959E-3
4.79500008 5.00011444E-3 0.982292235 3.70660028E-3
4.80500031 4.99987602E-3 0.983077765 3.72080901E-3
4.81500006 5.00011444E-3 0.976162434 3.72144324E-3
4.82499981 4.99987602E-3 0.980642259 3.74457357E-3
4.83500004 5.00011444E-3 0.977633595 3.7562307E-3
4.84500027 4.99987602E-3 0.974145472 3.76237161E-3
4.85500002 5.00011444E-3 0.986540139 3.80011345E-3
4.86499977 4.99987602E-3 0.979751766 3.80244618E-3
4.875 5.00011444E-3 0.977250278 3.81134916E-3
4.88500023 4.99987602E-3 0.980081618 3.8337044E-3
4.89499998 5.00011444E-3 0.974808156 3.83688021E-3
4.90499973 4.99987602E-3 0.978925586 3.86159029E-3
4.91499996 5.00011444E-3 0.977407277 3.87281971E-3
4.92500019 4.99987602E-3 0.981454134 3.89233907E-3
4.93499994 5.00011444E-3 0.975906968 3.89750884E-3
4.94499969 4.99987602E-3 0.981302679 3.92617425E-3
4.95499992 5.00011444E-3 0.978264213 3.93336033E-3
4.96500015 4.99987602E-3 0.983484209 3.96025134E-3
4.9749999 5.00011444E-3 0.977118313 3.96316918E-3
4.98499966 4.99987602E-3 0.979887962 3.98179749E-3
4.99499989 5.00011444E-3 0.976911426 3.99166252E-3
5.00500011 5.00011444E-3 0.980412304 4.01777169E-3
5.01500034 4.99987602E-3 0.970757723 4.01099632E-3
5.0250001 5.00011444E-3 0.971848428 4.02607862E-3
5.03499985 4.99987602E-3 0.976888716 4.05276241E-3
5.04500008 5.00011444E-3 0.982468545 4.08144668E-3
5.05500031 4.99987602E-3 0.974484682 4.07811068E-3
5.06500006 5.00011444E-3 0.975180149 4.09498578E-3
5.07499981 4.99987602E-3 0.971783876 4.10578353E-3
5.08500004 5.00011444E-3 0.971909642 4.12267819E-3
5.09500027 4.99987602E-3 0.972213924 4.14047297E-3
5.10500002 5.00011444E-3 0.988118768 4.188105E-3
5.11499977 4.99987602E-3 0.969979107 4.16548876E-3
5.125 5.00011444E-3 0.976795971 4.1944012E-3
5.13500023 4.99987602E-3 0.975866795 4.20825277E-3
5.14499998 5.00011444E-3 0.975976765 4.22766339E-3
5.15499973 4.99987602E-3 0.97345221 4.2353468E-3
5.16499996 5.00011444E-3 0.973929703 4.25548386E-3
5.17500019 4.99987602E-3 0.971143782 4.26538754E-3
5.18499994 5.00011444E-3 0.976259828 4.3002367E-3
5.19499969 4.99987602E-3 0.976244867 4.30942653E-3
5.20499992 5.00011444E-3 0.980159402 4.32993099E-3
5.21500015 4.99987602E-3 0.979635835 4.34484985E-3
5.2249999 5.00011444E-3 0.975441098 4.35303338E-3
5.23499966 4.99987602E-3 0.972727835 4.36557923E-3
5.24499989 5.00011444E-3 0.973000467 4.38184477E-3
5.25500011 5.00011444E-3 0.974081099 4.40162281E-3
5.26500034 4.99987602E-3 0.980063558 4.43707034E-3
5.2750001 5.00011444E-3 0.973178923 4.43137344E-3
5.28499985 4.99987602E-3 0.985582054 4.47583944E-3
5.29500008 5.00011444E-3 0.981245697 4.48401924E-3
5.30500031 4.99987602E-3 0.967942297 4.47083171E-3
5.31500006 5.00011444E-3 0.971314013 4.49722912E-3
5.32499981 4.99987602E-3 0.976430774 4.52382257E-3
5.33500004 5.00011444E-3 0.969724238 4.52852901E-3
5.34500027 4.99987602E-3 0.969644427 4.54308651E-3
5.35500002 5.00011444E-3 0.970877528 4.56068479E-3
5.36499977 4.99987602E-3 0.972064853 4.58007818E-3
5.375 5.00011444E-3 0.972828269 4.60231956E-3
5.38500023 4.99987602E-3 0.962771118 4.59275115E-3
5.39499998 5.00011444E-3 0.962282956 4.60572029E-3
5.40499973 4.99987602E-3 0.969192028 4.63801296E-3
5.41499996 5.00011444E-3 0.967092514 4.65223379E-3
5.42500019 4.99987602E-3 0.970565856 4.67676856E-3
5.43499994 5.00011444E-3 0.972591221 4.7016507E-3
5.44499969 4.99987602E-3 0.974808633 4.72242106E-3
5.45499992 5.00011444E-3 0.972622097 4.7370973E-3
5.46500015 4.99987602E-3 0.960340321 4.72045969E-3
5.4749999 5.00011444E-3 0.970963836 4.76210471E-3
5.48499966 4.99987602E-3 0.97401619 4.7903317E-3
5.49499989 5.00011444E-3 0.971304655 4.79830056E-3
5.50500011 5.00011444E-3 0.973623157 4.82226256E-3
5.51500034 4.99987602E-3 0.963679731 4.81946906E-3
5.5250001 5.00011444E-3 0.967445076 4.84328717E-3
5.53499985 4.99987602E-3 0.971354008 4.87035094E-3
5.54500008 5.00011444E-3 0.972800791 4.89591574E-3
5.55500031 4.99987602E-3 0.974995792 4.91756573E-3
5.56500006 5.00011444E-3 0.978207707 4.94260155E-3
5.57499981 4.99987602E-3 0.965978026 4.93087852E-3
5.58500004 5.00011444E-3 0.965216219 4.95169545E-3
5.59500027 4.99987602E-3 0.973956466 4.98801982E-3
5.60500002 5.00011444E-3 0.97248745 5.00163017E-3
5.61499977 4.99987602E-3 0.965388179 5.00550447E-3
5.625 5.00011444E-3 0.975110412 5.04112383E-3
5.63500023 4.99987602E-3 0.961179137 5.02584456E-3
5.64499998 5.00011444E-3 0.95793277 5.04504936E-3
5.65499973 4.99987602E-3 0.966186047 5.08007221E-3
5.66499996 5.00011444E-3 0.968414605 5.10632712E-3
5.67500019 4.99987602E-3 0.964798093 5.1129777E-3
5.68499994 5.00011444E-3 0.966495216 5.13178902E-3
5.69499969 4.99987602E-3 0.960722506 5.13193477E-3
5.70499992 5.00011444E-3 0.973034799 5.18596405E-3
5.71500015 4.99987602E-3 0.965455115 5.18659642E-3
5.7249999 5.00011444E-3 0.968215406 5.2113845E-3
5.73499966 4.99987602E-3 0.969452143 5.23446687E-3
5.74499989 5.00011444E-3 0.968694508 5.25250239E-3
5.75500011 5.00011444E-3 0.955816627 5.23554673E-3
5.76500034 4.99987602E-3 0.973388672 5.30342385E-3
5.7750001 5.00011444E-3 0.963166714 5.29906526E-3
5.78499985 4.99987602E-3 0.965942085 5.31953573E-3
5.79500008 5.00011444E-3 0.953113675 5.30998316E-3
5.80500031 4.99987602E-3 0.968953848 5.37149748E-3
5.81500006 5.00011444E-3 0.965029478 5.37879206E-3
5.82499981 4.99987602E-3 0.963478804 5.39286621E-3
5.83500004 5.00011444E-3 0.954610765 5.3877281E-3
5.84500027 4.99987602E-3 0.961165428 5.42656844E-3
5.85500002 5.00011444E-3 0.966951668 5.4628225E-3
5.86499977 4.99987602E-3 0.970855474 5.49012749E-3
5.875 5.00011444E-3 0.968992889 5.50180906E-3
5.88500023 4.99987602E-3 0.960649908 5.50297648E-3
5.89499998 5.00011444E-3 0.956124544 5.51731512E-3
5.90499973 4.99987602E-3 0.952858806 5.51723409E-3
5.91499996 5.00011444E-3 0.967186749 5.57788461E-3
5.92500019 4.99987602E-3 0.957736552 5.57812536E-3
5.93499994 5.00011444E-3 0.959419549 5.59982192E-3
5.94499969 4.99987602E-3 0.962008297 5.62423421E-3
5.95499992 5.00011444E-3 0.959580481 5.63676888E-3
5.96500015 4.99987602E-3 0.953431785 5.63840382E-3
5.9749999 5.00011444E-3 0.964285851 5.69035811E-3
5.98499966 4.99987602E-3 0.957238555 5.69283217E-3
5.99499989 5.00011444E-3 0.949657321 5.69214113E-3
6.00500011 5.00011444E-3 0.96247232 5.7492177E-3
6.01500034 4.99987602E-3 0.951899588 5.73679945E-3
6.0250001 5.00011444E-3 0.961723864 5.78881428E-3
6.03499985 4.99987602E-3 0.960364819 5.81270317E-3
6.04500008 5.00011444E-3 0.956563294 5.81855839E-3
6.05500031 4.99987602E-3 0.949605823 5.81870275E-3
6.06500006 5.00011444E-3 0.952358425 5.85533306E-3
6.07499981 4.99987602E-3 0.956210494 5.879601E-3
6.08500004 5.00011444E-3 0.96387583 5.92841022E-3
6.09500027 4.99987602E-3 0.954525352 5.92234125E-3
6.10500002 5.00011444E-3 0.964857876 5.96475881E-3
6.11499977 4.99987602E-3 0.959756017 5.96875325E-3
6.125 5.00011444E-3 0.955444336 5.97803993E-3
6.13500023 4.99987602E-3 0.952341855 5.9906356E-3
6.14499998 5.00011444E-3 0.956476748 6.02340233E-3
6.15499973 4.99987602E-3 0.95052284 6.02345308E-3
6.16499996 5.00011444E-3 0.969871521 6.10599667E-3
6.17500019 4.99987602E-3 0.957242429 6.09088456E-3
6.18499994 5.00011444E-3 0.949781775 6.0903579E-3
6.19499969 4.99987602E-3 0.947513044 6.10318268E-3
6.20499992 5.00011444E-3 0.952628911 6.13729842E-3
6.21500015 4.99987602E-3 0.957065165 6.17093267E-3
6.2249999 5.00011444E-3 0.958739102 6.19690632E-3
6.23499966 4.99987602E-3 0.952127874 6.19349862E-3
6.24499989 5.00011444E-3 0.947720885 6.20472198E-3
6.25500011 5.00011444E-3 0.94871676 6.24519819E-3
6.26500034 4.99987602E-3 0.947659731 6.2639406E-3
6.2750001 5.00011444E-3 0.941913724 6.27070293E-3
6.28499985 4.99987602E-3 0.958664179 6.34003431E-3
6.29500008 5.00011444E-3 0.947913945 6.32573618E-3
6.30500031 4.99987602E-3 0.959739983 6.38776412E-3
6.31500006 5.00011444E-3 0.956337214 6.40480267E-3
6.32499981 4.99987602E-3 0.945729852 6.38730312E-3
6.33500004 5.00011444E-3 0.944933951 6.4045405E-3
6.34500027 4.99987602E-3 0.953796685 6.45477464E-3
6.35500002 5.00011444E-3 0.94779557 6.4545623E-3
6.36499977 4.99987602E-3 0.942869425 6.45881379E-3
6.375 5.00011444E-3 0.933674753 6.45388197E-3
6.38500023 4.99987602E-3 0.945254683 6.5187444E-3
6.39499998 5.00011444E-3 0.9422068 6.53232215E-3
6.40499973 4.99987602E-3 0.935000956 6.54263468E-3
6.41499996 5.00011444E-3 0.950393975 6.61163637E-3
6.42500019 4.99987602E-3 0.94353354 6.60679117E-3
6.43499994 5.00011444E-3 0.946090519 6.63451105E-3
6.44499969 4.99987602E-3 0.940540791 6.64409436E-3
6.45499992 5.00011444E-3 0.952214122 6.73367735E-3
6.46500015 4.99987602E-3 0.941589594 6.69317693E-3
6.4749999 5.00011444E-3 0.946175218 6.73187291E-3
6.48499966 4.99987602E-3 0.956707954 6.81515038E-3
6.49499989 5.00011444E-3 0.94840914 6.79202192E-3
6.50500011 5.00011444E-3 0.940569222 6.778365E-3
6.51500034 4.99987602E-3 0.93638742 6.78601256E-3
6.5250001 5.00011444E-3 0.93925482 6.82079187E-3
6.53499985 4.99987602E-3 0.945542037 6.86958572E-3
6.54500008 5.00011444E-3 0.941040277 6.87916763E-3
6.55500031 4.99987602E-3 0.933750033 6.87791733E-3
6.56500006 5.00011444E-3 0.940971434 6.93136128E-3
6.57499981 4.99987602E-3 0.932310522 6.92921737E-3
6.58500004 5.00011444E-3 0.941566944 6.99347863E-3
6.59500027 4.99987602E-3 0.950007379 7.03379326E-3
6.60500002 5.00011444E-3 0.94178915 7.0216395E-3
6.61499977 4.99987602E-3 0.934991837 7.02942908E-3
6.625 5.00011444E-3 0.951007009 7.13000586E-3
6.63500023 4.99987602E-3 0.941597104 7.10114045E-3
6.64499998 5.00011444E-3 0.946859062 7.13820057E-3
6.65499973 4.99987602E-3 0.942655206 7.14428071E-3
6.66499996 5.00011444E-3 0.939616084 7.16157071E-3
6.67500019 4.99987602E-3 0.949672401 7.2323177E-3
6.68499994 5.00011444E-3 0.923888564 7.16411741E-3
6.69499969 4.99987602E-3 0.94079411 7.25587411E-3
6.70499992 5.00011444E-3 0.945450246 7.29517872E-3
6.71500015 4.99987602E-3 0.93571353 7.27935787E-3
6.7249999 5.00011444E-3 0.934357584 7.30162347E-3
6.73499966 4.99987602E-3 0.936122119 7.33126188E-3
6.74499989 5.00011444E-3 0.944764674 7.38501363E-3
6.75500011 5.00011444E-3 0.940114796 7.40385242E-3
6.76500034 4.99987602E-3 0.925769567 7.39982212E-3
6.7750001 5.00011444E-3 0.934669197 7.44661503E-3
6.78499985 4.99987602E-3 0.939615428 7.48424558E-3
6.79500008 5.00011444E-3 0.921807408 7.43189687E-3
6.80500031 4.99987602E-3 0.932429194 7.50099123E-3
6.81500006 5.00011444E-3 0.926670134 7.51990033E-3
6.82499981 4.99987602E-3 0.937659025 7.57222669E-3
6.83500004 5.00011444E-3 0.91345191 7.49947969E-3
6.84500027 4.99987602E-3 0.942762613 7.65490113E-3
6.85500002 5.00011444E-3 0.928631961 7.6464531E-3
6.86499977 4.99987602E-3 0.934779406 7.67633133E-3
6.875 5.00011444E-3 0.930309117 7.68110063E-3
6.88500023 4.99987602E-3 0.930017591 7.72995874E-3
6.89499998 5.00011444E-3 0.942303717 7.78951915E-3
6.90499973 4.99987602E-3 0.93333298 7.76211079E-3
6.91499996 5.00011444E-3 0.940097988 7.82116689E-3
6.92500019 4.99987602E-3 0.93540585 7.85819814E-3
6.93499994 5.00011444E-3 0.9296152 7.85507727E-3
6.94499969 4.99987602E-3 0.923155963 7.82835018E-3
6.95499992 5.00011444E-3 0.915881634 7.82833248E-3
6.96500015 4.99987602E-3 0.939714551 7.96121731E-3
6.9749999 5.00011444E-3 0.933704615 7.95595441E-3
6.98499966 4.99987602E-3 0.922061443 7.93070719E-3
6.99499989 5.00011444E-3 0.927703679 7.98611157E-3
7.00500011 5.00011444E-3 0.924875617 8.00739136E-3
7.01500034 4.99987602E-3 0.921168208 8.02051928E-3
7.0250001 5.00011444E-3 0.919180453 8.03735107E-3
7.03499985 4.99987602E-3 0.922441125 8.08166526E-3
7.04500008 5.00011444E-3 0.931545675 8.15050956E-3
7.05500031 4.99987602E-3 0.931430221 8.17801245E-3
7.06500006 5.00011444E-3 0.928735077 8.19616765E-3
7.07499981 4.99987602E-3 0.9393273 8.26771464E-3
7.08500004 5.00011444E-3 0.917789638 8.19666497E-3
7.09500027 4.99987602E-3 0.918468952 8.23407993E-3
7.10500002 5.00011444E-3 0.932265699 8.35374463E-3
7.11499977 4.99987602E-3 0.910882175 8.27057008E-3
7.125 5.00011444E-3 0.91609633 8.32270272E-3
7.13500023 4.99987602E-3 0.918123901 8.38989578E-3
7.14499998 5.00011444E-3 0.922860503 8.41726083E-3
7.15499973 4.99987602E-3 0.921250522 8.42947513E-3
7.16499996 5.00011444E-3 0.918050945 8.44629575E-3
7.17500019 4.99987602E-3 0.927486956 8.52780882E-3
7.18499994 5.00011444E-3 0.916857541 8.50659329E-3
7.19499969 4.99987602E-3 0.912970245 8.51117447E-3
7.20499992 5.00011444E-3 0.92090565 8.57883599E-3
7.21500015 4.99987602E-3 0.919397414 8.61820299E-3
7.2249999 5.00011444E-3 0.919075429 8.69630277E-3
7.23499966 4.99987602E-3 0.921426177 8.68150778E-3
7.24499989 5.00011444E-3 0.922863185 8.69863201E-3
7.25500011 5.00011444E-3 0.921727002 8.72244872E-3
7.26500034 4.99987602E-3 0.918486178 8.73645954E-3
7.2750001 5.00011444E-3 0.910003483 8.74019414E-3
7.28499985 4.99987602E-3 0.913717806 8.82376358E-3
7.29500008 5.00011444E-3 0.909646809 8.80447961E-3
7.30500031 4.99987602E-3 0.912460208 8.83231871E-3
7.31500006 5.00011444E-3 0.909371853 8.85834638E-3
7.32499981 4.99987602E-3 0.905221939 8.90250411E-3
7.33500004 5.00011444E-3 0.920864463 8.97929072E-3
7.34500027 4.99987602E-3 0.906125665 8.93941894E-3
7.35500002 5.00011444E-3 0.921188831 9.0840999E-3
7.36499977 4.99987602E-3 0.904959202 9.0107955E-3
7.375 5.00011444E-3 0.909925818 9.06112604E-3
7.38500023 4.99987602E-3 0.911442041 9.09195654E-3
7.39499998 5.00011444E-3 0.91990447 9.14890692E-3
7.40499973 4.99987602E-3 0.910558343 9.14142746E-3
7.41499996 5.00011444E-3 0.9110533 9.20236856E-3
7.42500019 4.99987602E-3 0.905821502 9.23974533E-3
7.43499994 5.00011444E-3 0.913735509 9.28166602E-3
7.44499969 4.99987602E-3 0.897276342 9.20401793E-3
7.45499992 5.00011444E-3 0.91105181 9.29250941E-3
7.46500015 4.99987602E-3 0.899653733 9.27879382E-3
7.4749999 5.00011444E-3 0.912281811 9.38269962E-3
7.48499966 4.99987602E-3 0.931149006 9.52109229E-3
7.49499989 5.00011444E-3 0.902311862 9.45238955E-3
7.50500011 5.00011444E-3 0.90470165 9.44874529E-3
7.51500034 4.99987602E-3 0.918428481 9.5302863E-3
7.5250001 5.00011444E-3 0.907866716 9.51547269E-3
7.53499985 4.99987602E-3 0.906953752 9.56769101E-3
7.54500008 5.00011444E-3 0.904215813 9.61111579E-3
7.55500031 4.99987602E-3 0.912743926 9.67621896E-3
7.56500006 5.00011444E-3 0.918222249 9.72067751E-3
7.57499981 4.99987602E-3 0.901626945 9.65814199E-3
7.58500004 5.00011444E-3 0.883665144 9.60844383E-3
7.59500027 4.99987602E-3 0.896529734 9.71735828E-3
7.60500002 5.00011444E-3 0.899701118 9.75804497E-3
7.61499977 4.99987602E-3 0.90350014 9.80383623E-3
7.625 5.00011444E-3 0.893949509 9.7905118E-3
7.63500023 4.99987602E-3 0.877027035 9.74221341E-3
7.64499998 5.00011444E-3 0.900839984 9.91062541E-3
7.65499973 4.99987602E-3 0.885691702 9.86706186E-3
7.66499996 5.00011444E-3 0.905600548 1.00206444E-2
7.67500019 4.99987602E-3 0.875380635 9.91910789E-3
7.68499994 5.00011444E-3 0.894628048 9.98331234E-3
7.69499969 4.99987602E-3 0.888014019 9.95894801E-3
7.70499992 5.00011444E-3 0.899745703 1.0067896E-2
7.71500015 4.99987602E-3 0.898026526 1.00936126E-2
7.7249999 5.00011444E-3 0.898124635 1.01410495E-2
7.73499966 4.99987602E-3 0.891908526 1.01554161E-2
7.74499989 5.00011444E-3 0.901756823 1.02383653E-2
7.75500011 5.00011444E-3 0.905745506 1.02922563E-2
7.76500034 4.99987602E-3 0.916521251 1.03926156E-2
7.7750001 5.00011444E-3 0.888802826 1.02935722E-2
7.78499985 4.99987602E-3 0.898762286 1.04108062E-2
7.79500008 5.00011444E-3 0.910745025 1.05130486E-2
7.80500031 4.99987602E-3 0.878066778 1.03668058E-2
7.81500006 5.00011444E-3 0.882500827 1.04736704E-2
7.82499981 4.99987602E-3 0.882519662 1.04443813E-2
7.83500004 5.00011444E-3 0.895285726 1.05177248E-2
7.84500027 4.99987602E-3 0.890752733 1.05219176E-2
7.85500002 5.00011444E-3 0.867563426 1.04519743E-2
7.86499977 4.99987602E-3 0.892606378 1.06603522E-2
7.875 5.00011444E-3 0.891919434 1.06895892E-2
7.88500023 4.99987602E-3 0.878007472 1.06272353E-2
7.89499998 5.00011444E-3 0.891430914 1.0730193E-2
7.90499973 4.99987602E-3 0.876698852 1.06709544E-2
7.91499996 5.00011444E-3 0.892927885 1.07959313E-2
7.92500019 4.99987602E-3 0.906039 1.09282099E-2
7.93499994 5.00011444E-3 0.885632813 1.08741801E-2
7.94499969 4.99987602E-3 0.886789739 1.09295063E-2
7.95499992 5.00011444E-3 0.911243916 1.11044804E-2
7.96500015 4.99987602E-3 0.872879088 1.09032253E-2
7.9749999 5.00011444E-3 0.88891077 1.10416571E-2
7.98499966 4.99987602E-3 0.889582396 1.10722985E-2
