0.1 4.99999989E-3 7.39628971E-2
0.11 4.99999989E-3 0.13459384
0.12 4.99999989E-3 0.2061718
0.13 4.99999989E-3 0.28237304
0.14 4.99999989E-3 0.35794264
0.15000001 4.99999989E-3 0.42949396
0.16 4.99999989E-3 0.49510071
0.17 4.99999989E-3 0.5534972
0.18000001 4.99999989E-3 0.60517502
0.19 4.99999989E-3 0.65110624
0.2 4.99999989E-3 0.69126534
0.20999999 4.99999989E-3 0.72626793
0.22 4.99999989E-3 0.7567451
0.23 4.99999989E-3 0.78322637
0.23999999 4.99999989E-3 0.80629581
0.25 4.99999989E-3 0.82631749
0.25999999 4.99999989E-3 0.84381843
0.27000001 4.99999989E-3 0.85933238
0.28 4.99999989E-3 0.87296599
0.28999999 4.99999989E-3 0.88145548
0.30000001 4.99999989E-3 0.88877672
0.31 4.99999989E-3 0.89852339
0.31999999 4.99999989E-3 0.90720552
0.33000001 4.99999989E-3 0.91494548
0.34 4.99999989E-3 0.92187315
0.34999999 4.99999989E-3 0.92804134
0.36000001 4.99999989E-3 0.93358421
0.37 4.99999989E-3 0.93863946
0.38 4.99999989E-3 0.94320774
0.38999999 4.99999989E-3 0.9473449
0.40000001 4.99999989E-3 0.95013475
0.41 4.99999989E-3 0.95262563
0.41999999 4.99999989E-3 0.95582253
0.43000001 4.99999989E-3 0.95874399
0.44 4.99999989E-3 0.96141195
0.44999999 4.99999989E-3 0.96385819
0.46000001 4.99999989E-3 0.96611154
0.47 4.99999989E-3 0.96818477
0.47999999 4.99999989E-3 0.97009534
0.49000001 4.99999989E-3 0.97184515
0.5 4.99999989E-3 0.97346723
0.50999999 4.99999989E-3 0.97498804
0.51999998 4.99999989E-3 0.97607696
0.52999997 4.99999989E-3 0.97732735
0.54000002 4.99999989E-3 0.97506142
0.55000001 4.99999989E-3 0.97133613
0.56 4.99999989E-3 0.97166228
0.56999999 4.99999989E-3 0.97346711
0.57999998 4.99999989E-3 0.97498626
0.58999997 4.99999989E-3 0.97620171
0.60000002 4.99999989E-3 0.97724777
0.61000001 4.99999989E-3 0.97823417
0.62 4.99999989E-3 0.97916508
0.63 4.99999989E-3 0.98004431
0.63999999 4.99999989E-3 0.98087531
0.64999998 4.99999989E-3 0.98166144
0.66000003 4.99999989E-3 0.98240554
0.67000002 4.99999989E-3 0.98311043
0.68000001 4.99999989E-3 0.98377866
0.69 4.99999989E-3 0.98441249
0.69999999 4.99999989E-3 0.98497576
0.70999998 4.99999989E-3 0.98479885
0.72000003 4.99999989E-3 0.98448843
0.73000002 4.99999989E-3 0.98507237
0.74000001 4.99999989E-3 0.98581958
0.75 4.99999989E-3 0.98635143
0.75999999 4.99999989E-3 0.98684937
0.76999998 4.99999989E-3 0.98732221
0.77999997 4.99999989E-3 0.987773
0.79000002 4.99999989E-3 0.98820293
0.80000001 4.99999989E-3 0.98860341
0.81 4.99999989E-3 0.98897803
0.81999999 4.99999989E-3 0.98933822
0.82999998 4.99999989E-3 0.98968315
0.83999997 4.99999989E-3 0.99001354
0.85000002 4.99999989E-3 0.99033028
0.86000001 4.99999989E-3 0.99056041
0.87 4.99999989E-3 0.99027508
0.88 4.99999989E-3 0.99004269
0.88999999 4.99999989E-3 0.99031425
0.89999998 4.99999989E-3 0.990596
0.91000003 4.99999989E-3 0.99086714
0.92000002 4.99999989E-3 0.99112809
0.93000001 4.99999989E-3 0.99137932
0.94 4.99999989E-3 0.99162108
0.94999999 4.99999989E-3 0.99185401
0.95999998 4.99999989E-3 0.99207872
0.97000003 4.99999989E-3 0.99229532
0.98000002 4.99999989E-3 0.99250424
0.99000001 4.99999989E-3 0.99270582
1 4.99999989E-3 0.99290025
1.01 4.99999989E-3 0.99308795
1.02 4.99999989E-3 0.99326652
1.03 4.99999989E-3 0.99343896
1.04 4.99999989E-3 0.99360812
1.05 4.99999989E-3 0.99377161
1.0599999 4.99999989E-3 0.99392962
1.0700001 4.99999989E-3 0.99408245
1.08 4.99999989E-3 0.99422407
1.09 4.99999989E-3 0.99436104
1.1 4.99999989E-3 0.99449956
1.11 4.99999989E-3 0.99463362
1.12 4.99999989E-3 0.99476343
1.13 4.99999989E-3 0.99488914
1.14 4.99999989E-3 0.99501091
1.15 4.99999989E-3 0.99512887
1.16 4.99999989E-3 0.99524319
1.17 4.99999989E-3 0.995354
1.1799999 4.99999989E-3 0.9954614
1.1900001 4.99999989E-3 0.99556559
1.2 4.99999989E-3 0.99566668
1.21 4.99999989E-3 0.99576473
1.22 4.99999989E-3 0.99585986
1.23 4.99999989E-3 0.99595219
1.24 4.99999989E-3 0.99604183
1.25 4.99999989E-3 0.99612892
1.26 4.99999989E-3 0.99621344
1.27 4.99999989E-3 0.99629557
1.28 4.99999989E-3 0.99637538
1.29 4.99999989E-3 0.99645287
1.3 4.99999989E-3 0.99652827
1.3099999 4.99999989E-3 0.99650359
1.3200001 4.99999989E-3 0.99647868
1.33 4.99999989E-3 0.99655122
1.34 4.99999989E-3 0.99662179
1.35 4.99999989E-3 0.99669045
1.36 4.99999989E-3 0.99675727
1.37 4.99999989E-3 0.99682236
1.38 4.99999989E-3 0.99688572
1.39 4.99999989E-3 0.99694741
1.4 4.99999989E-3 0.99700749
1.41 4.99999989E-3 0.99706608
1.42 4.99999989E-3 0.99712312
1.4299999 4.99999989E-3 0.99717867
1.4400001 4.99999989E-3 0.99723285
1.45 4.99999989E-3 0.99728566
1.46 4.99999989E-3 0.99733716
1.47 4.99999989E-3 0.99738735
1.48 4.99999989E-3 0.99743629
1.49 4.99999989E-3 0.99748403
1.5 4.99999989E-3 0.99753064
1.51 4.99999989E-3 0.99757606
1.52 4.99999989E-3 0.99762046
1.53 4.99999989E-3 0.99766374
1.54 4.99999989E-3 0.997706
1.55 4.99999989E-3 0.99774724
1.5599999 4.99999989E-3 0.99778748
1.5700001 4.99999989E-3 0.99781996
1.58 4.99999989E-3 0.99785167
1.59 4.99999989E-3 0.99788934
1.6 4.99999989E-3 0.99792618
1.61 4.99999989E-3 0.99796218
1.62 4.99999989E-3 0.99799734
1.63 4.99999989E-3 0.99803174
1.64 4.99999989E-3 0.99806529
1.65 4.99999989E-3 0.99809813
1.66 4.99999989E-3 0.99813026
1.67 4.99999989E-3 0.99816161
1.6799999 4.99999989E-3 0.99819231
1.6900001 4.99999989E-3 0.99822235
1.7 4.99999989E-3 0.99825174
1.71 4.99999989E-3 0.99828047
1.72 4.99999989E-3 0.99830854
1.73 4.99999989E-3 0.99833602
1.74 4.99999989E-3 0.99836296
1.75 4.99999989E-3 0.9983893
1.76 4.99999989E-3 0.99841505
1.77 4.99999989E-3 0.99844033
1.78 4.99999989E-3 0.998465
1.79 4.99999989E-3 0.9984892
1.8 4.99999989E-3 0.99851292
1.8099999 4.99999989E-3 0.99853611
1.8200001 4.99999989E-3 0.99855882
1.83 4.99999989E-3 0.99858111
1.84 4.99999989E-3 0.99860293
1.85 4.99999989E-3 0.99857515
1.86 4.99999989E-3 0.99854761
1.87 4.99999989E-3 0.99856925
1.88 4.99999989E-3 0.99859047
1.89 4.99999989E-3 0.99861127
1.9 4.99999989E-3 0.99863166
1.91 4.99999989E-3 0.99865162
1.92 4.99999989E-3 0.99867129
1.9299999 4.99999989E-3 0.99869049
1.9400001 4.99999989E-3 0.99870938
1.95 4.99999989E-3 0.99872792
1.96 4.99999989E-3 0.99874604
1.97 4.99999989E-3 0.99876386
1.98 4.99999989E-3 0.99878138
1.99 4.99999989E-3 0.99879855
2 4.99999989E-3 0.99881536
2.01 4.99999989E-3 0.99883193
2.02 4.99999989E-3 0.99884814
2.03 4.99999989E-3 0.99886405
2.04 4.99999989E-3 0.99887973
2.05 4.99999989E-3 0.99889505
2.0599999 4.99999989E-3 0.99891013
2.0699999 4.99999989E-3 0.99892497
2.0799999 4.99999989E-3 0.99893951
2.0899999 4.99999989E-3 0.99895376
2.0999999 4.99999989E-3 0.99896783
2.1099999 4.99999989E-3 0.9989816
2.1199999 4.99999989E-3 0.99899513
2.1300001 4.99999989E-3 0.99900842
2.1400001 4.99999989E-3 0.99902147
2.1500001 4.99999989E-3 0.99903435
2.1600001 4.99999989E-3 0.99904698
2.1700001 4.99999989E-3 0.99905938
2.1800001 4.99999989E-3 0.99907154
2.1900001 4.99999989E-3 0.99908352
2.2 4.99999989E-3 0.99909532
2.21 4.99999989E-3 0.99910688
2.22 4.99999989E-3 0.99911827
2.23 4.99999989E-3 0.99912947
2.24 4.99999989E-3 0.99914044
2.25 4.99999989E-3 0.99915129
2.26 4.99999989E-3 0.9991619
2.27 4.99999989E-3 0.99917239
2.28 4.99999989E-3 0.9991827
2.29 4.99999989E-3 0.99919277
2.3 4.99999989E-3 0.99920273
2.3099999 4.99999989E-3 0.99921256
2.3199999 4.99999989E-3 0.99922216
2.3299999 4.99999989E-3 0.99923164
2.3399999 4.99999989E-3 0.99924099
2.3499999 4.99999989E-3 0.99925017
2.3599999 4.99999989E-3 0.99925917
2.3699999 4.99999989E-3 0.99926811
2.3800001 4.99999989E-3 0.99927682
2.3900001 4.99999989E-3 0.99928546
2.4000001 4.99999989E-3 0.99929392
2.4100001 4.99999989E-3 0.99930227
2.4200001 4.99999989E-3 0.99931049
2.4300001 4.99999989E-3 0.99931854
2.4400001 4.99999989E-3 0.99932653
2.45 4.99999989E-3 0.99933434
2.46 4.99999989E-3 0.99934208
2.47 4.99999989E-3 0.99934965
2.48 4.99999989E-3 0.99933386
2.49 4.99999989E-3 0.99931818
2.5 4.99999989E-3 0.99932581
2.51 4.99999989E-3 0.99933332
2.52 4.99999989E-3 0.99934077
2.53 4.99999989E-3 0.9993481
2.54 4.99999989E-3 0.99935532
2.55 4.99999989E-3 0.99936241
2.5599999 4.99999989E-3 0.99936938
2.5699999 4.99999989E-3 0.9993763
2.5799999 4.99999989E-3 0.99938309
2.5899999 4.99999989E-3 0.99938977
2.5999999 4.99999989E-3 0.99939638
2.6099999 4.99999989E-3 0.99940288
2.6199999 4.99999989E-3 0.99940932
2.6300001 4.99999989E-3 0.99941564
2.6400001 4.99999989E-3 0.99942183
2.6500001 4.99999989E-3 0.99942797
2.6600001 4.99999989E-3 0.99943405
2.6700001 4.99999989E-3 0.99944001
2.6800001 4.99999989E-3 0.99944592
2.6900001 4.99999989E-3 0.99945176
2.7 4.99999989E-3 0.99945748
2.71 4.99999989E-3 0.99946314
2.72 4.99999989E-3 0.99946868
2.73 4.99999989E-3 0.99947417
2.74 4.99999989E-3 0.99947959
2.75 4.99999989E-3 0.99948496
2.76 4.99999989E-3 0.99949026
2.77 4.99999989E-3 0.99949545
2.78 4.99999989E-3 0.99950057
2.79 4.99999989E-3 0.99950564
2.8 4.99999989E-3 0.99951065
2.8099999 4.99999989E-3 0.99951559
2.8199999 4.99999989E-3 0.99952042
2.8299999 4.99999989E-3 0.99952501
2.8399999 4.99999989E-3 0.99952954
2.8499999 4.99999989E-3 0.99953425
2.8599999 4.99999989E-3 0.99953884
2.8699999 4.99999989E-3 0.99954337
2.8800001 4.99999989E-3 0.9995479
2.8900001 4.99999989E-3 0.99955231
2.9000001 4.99999989E-3 0.99955672
2.9100001 4.99999989E-3 0.99956101
2.9200001 4.99999989E-3 0.9995653
2.9300001 4.99999989E-3 0.99956954
2.9400001 4.99999989E-3 0.99957365
2.95 4.99999989E-3 0.99957776
2.96 4.99999989E-3 0.99958181
2.97 4.99999989E-3 0.99958581
2.98 4.99999989E-3 0.9995898
2.99 4.99999989E-3 0.99959368
3 4.99999989E-3 0.99959755
3.01 4.99999989E-3 0.99960136
3.02 4.99999989E-3 0.99960512
3.03 4.99999989E-3 0.99960881
3.04 4.99999989E-3 0.99961245
3.05 4.99999989E-3 0.99961609
3.0599999 4.99999989E-3 0.99961966
3.0699999 4.99999989E-3 0.99962318
3.0799999 4.99999989E-3 0.9996267
3.0899999 4.99999989E-3 0.99963015
3.0999999 4.99999989E-3 0.99963355
3.1099999 4.99999989E-3 0.99963689
3.1199999 4.99999989E-3 0.99964023
3.1300001 4.99999989E-3 0.9996435
3.1400001 4.99999989E-3 0.99964672
3.1500001 4.99999989E-3 0.99964994
3.1600001 4.99999989E-3 0.9996531
3.1700001 4.99999989E-3 0.9996562
3.1800001 4.99999989E-3 0.9996593
3.1900001 4.99999989E-3 0.99966234
3.2 4.99999989E-3 0.9996618
3.21 4.99999989E-3 0.99966121
3.22 4.99999989E-3 0.99966419
3.23 4.99999989E-3 0.99966711
3.24 4.99999989E-3 0.99967003
3.25 4.99999989E-3 0.99967295
3.26 4.99999989E-3 0.99967581
3.27 4.99999989E-3 0.99967861
3.28 4.99999989E-3 0.99968141
3.29 4.99999989E-3 0.99968415
3.3 4.99999989E-3 0.9996869
3.3099999 4.99999989E-3 0.99968958
3.3199999 4.99999989E-3 0.99969226
3.3299999 4.99999989E-3 0.99969488
3.3399999 4.99999989E-3 0.99969745
3.3499999 4.99999989E-3 0.99970007
3.3599999 4.99999989E-3 0.99970257
3.3699999 4.99999989E-3 0.99970508
3.3800001 4.99999989E-3 0.99970758
3.3900001 4.99999989E-3 0.99971002
3.4000001 4.99999989E-3 0.99971247
3.4100001 4.99999989E-3 0.99971491
3.4200001 4.99999989E-3 0.9997173
3.4300001 4.99999989E-3 0.99971962
3.4400001 4.99999989E-3 0.99972194
3.45 4.99999989E-3 0.99972427
3.46 4.99999989E-3 0.99972653
3.47 4.99999989E-3 0.9997288
3.48 4.99999989E-3 0.999731
3.49 4.99999989E-3 0.99973321
3.5 4.99999989E-3 0.99973541
3.51 4.99999989E-3 0.99973756
3.52 4.99999989E-3 0.99973971
3.53 4.99999989E-3 0.99974179
3.54 4.99999989E-3 0.99974388
3.55 4.99999989E-3 0.99974597
3.5599999 4.99999989E-3 0.99974799
3.5699999 4.99999989E-3 0.99975002
3.5799999 4.99999989E-3 0.99975199
3.5899999 4.99999989E-3 0.99975401
3.5999999 4.99999989E-3 0.99975592
3.6099999 4.99999989E-3 0.99975789
3.6199999 4.99999989E-3 0.99975979
3.6300001 4.99999989E-3 0.9997617
3.6400001 4.99999989E-3 0.99976355
3.6500001 4.99999989E-3 0.99976546
3.6600001 4.99999989E-3 0.99976724
3.6700001 4.99999989E-3 0.99976909
3.6800001 4.99999989E-3 0.99977088
3.6900001 4.99999989E-3 0.99977267
3.7 4.99999989E-3 0.99977446
3.71 4.99999989E-3 0.99977618
3.72 4.99999989E-3 0.99977791
3.73 4.99999989E-3 0.99977958
3.74 4.99999989E-3 0.99978131
3.75 4.99999989E-3 0.99978298
3.76 4.99999989E-3 0.99978465
3.77 4.99999989E-3 0.99978626
3.78 4.99999989E-3 0.99978793
3.79 4.99999989E-3 0.99978954
3.8 4.99999989E-3 0.99979109
3.8099999 4.99999989E-3 0.9997927
3.8199999 4.99999989E-3 0.99979424
3.8299999 4.99999989E-3 0.99979579
3.8399999 4.99999989E-3 0.99979734
3.8499999 4.99999989E-3 0.99979883
3.8599999 4.99999989E-3 0.99980032
3.8699999 4.99999989E-3 0.99980181
3.8800001 4.99999989E-3 0.9998033
3.8900001 4.99999989E-3 0.99980474
3.9000001 4.99999989E-3 0.99980617
3.9100001 4.99999989E-3 0.9998076
3.9200001 4.99999989E-3 0.99980903
3.9300001 4.99999989E-3 0.99981046
3.9400001 4.99999989E-3 0.99981183
3.95 4.99999989E-3 0.9998132
3.96 4.99999989E-3 0.99981457
3.97 4.99999989E-3 0.99981588
3.98 4.99999989E-3 0.99981725
3.99 4.99999989E-3 0.99981856
4 4.99999989E-3 0.99981987
4.0100002 4.99999989E-3 0.99982113
4.02 4.99999989E-3 0.99982244
4.0300002 4.99999989E-3 0.99982369
4.04 4.99999989E-3 0.99982309
4.0500002 4.99999989E-3 0.99982244
4.0599999 4.99999989E-3 0.99982369
4.0700002 4.99999989E-3 0.99982494
4.0799999 4.99999989E-3 0.99982619
4.0900002 4.99999989E-3 0.99982738
4.0999999 4.99999989E-3 0.99982864
4.1100001 4.99999989E-3 0.99982983
4.1199999 4.99999989E-3 0.99983102
4.1300001 4.99999989E-3 0.99983221
4.1399999 4.99999989E-3 0.99983335
4.1500001 4.99999989E-3 0.99983454
4.1599998 4.99999989E-3 0.99983567
4.1700001 4.99999989E-3 0.9998368
4.1799998 4.99999989E-3 0.99983793
4.1900001 4.99999989E-3 0.99983901
4.1999998 4.99999989E-3 0.99984014
4.21 4.99999989E-3 0.99984121
4.2199998 4.99999989E-3 0.99984235
4.23 4.99999989E-3 0.99984342
4.2399998 4.99999989E-3 0.99984443
4.25 4.99999989E-3 0.9998455
4.2600002 4.99999989E-3 0.99984658
4.27 4.99999989E-3 0.99984759
4.2800002 4.99999989E-3 0.9998486
4.29 4.99999989E-3 0.99984962
4.3000002 4.99999989E-3 0.99985063
4.3099999 4.99999989E-3 0.99985164
4.3200002 4.99999989E-3 0.99985266
4.3299999 4.99999989E-3 0.99985361
4.3400002 4.99999989E-3 0.99985462
4.3499999 4.99999989E-3 0.99985558
4.3600001 4.99999989E-3 0.99985653
4.3699999 4.99999989E-3 0.99985749
4.3800001 4.99999989E-3 0.99985844
4.3899999 4.99999989E-3 0.99985933
4.4000001 4.99999989E-3 0.99986029
4.4099998 4.99999989E-3 0.99986118
4.4200001 4.99999989E-3 0.99986207
4.4299998 4.99999989E-3 0.99986297
4.4400001 4.99999989E-3 0.99986386
4.4499998 4.99999989E-3 0.99986476
4.46 4.99999989E-3 0.99986565
4.4699998 4.99999989E-3 0.99986655
4.48 4.99999989E-3 0.99986738
4.4899998 4.99999989E-3 0.99986821
4.5 4.99999989E-3 0.99986911
4.5100002 4.99999989E-3 0.99986994
4.52 4.99999989E-3 0.99987078
4.5300002 4.99999989E-3 0.99987161
4.54 4.99999989E-3 0.99987239
4.5500002 4.99999989E-3 0.99987322
4.5599999 4.99999989E-3 0.999874
4.5700002 4.99999989E-3 0.99987483
4.5799999 4.99999989E-3 0.99987561
4.5900002 4.99999989E-3 0.99987638
4.5999999 4.99999989E-3 0.99987715
4.6100001 4.99999989E-3 0.99987793
4.6199999 4.99999989E-3 0.9998787
4.6300001 4.99999989E-3 0.99987948
4.6399999 4.99999989E-3 0.99988025
4.6500001 4.99999989E-3 0.99988097
4.6599998 4.99999989E-3 0.99988174
4.6700001 4.99999989E-3 0.99988246
4.6799998 4.99999989E-3 0.99988317
4.6900001 4.99999989E-3 0.99988389
4.6999998 4.99999989E-3 0.99988461
4.71 4.99999989E-3 0.99988532
4.7199998 4.99999989E-3 0.99988604
4.73 4.99999989E-3 0.99988675
4.7399998 4.99999989E-3 0.99988741
4.75 4.99999989E-3 0.99988812
4.7600002 4.99999989E-3 0.99988878
4.77 4.99999989E-3 0.99988949
4.7800002 4.99999989E-3 0.99989015
4.79 4.99999989E-3 0.9998908
4.8000002 4.99999989E-3 0.99989146
4.8099999 4.99999989E-3 0.99989212
4.8200002 4.99999989E-3 0.99989277
4.8299999 4.99999989E-3 0.99989343
4.8400002 4.99999989E-3 0.99989408
4.8499999 4.99999989E-3 0.99989468
4.8600001 4.99999989E-3 0.99989533
4.8699999 4.99999989E-3 0.99989593
4.8800001 4.99999989E-3 0.99989659
4.8899999 4.99999989E-3 0.99989718
4.9000001 4.99999989E-3 0.99989778
4.9099998 4.99999989E-3 0.99989843
4.9200001 4.99999989E-3 0.99989903
4.9299998 4.99999989E-3 0.99989963
4.9400001 4.99999989E-3 0.99990022
4.9499998 4.99999989E-3 0.99990076
4.96 4.99999989E-3 0.99990135
4.9699998 4.99999989E-3 0.99990195
4.98 4.99999989E-3 0.99990255
4.9899998 4.99999989E-3 0.99990308
5 4.99999989E-3 0.99990368
5.0100002 4.99999989E-3 0.99990422
5.02 4.99999989E-3 0.99990475
5.0300002 4.99999989E-3 0.99990529
5.04 4.99999989E-3 0.99990588
5.0500002 4.99999989E-3 0.99990642
5.0599999 4.99999989E-3 0.99990696
5.0700002 4.99999989E-3 0.99990749
5.0799999 4.99999989E-3 0.99990803
5.0900002 4.99999989E-3 0.99990857
5.0999999 4.99999989E-3 0.99990904
5.1100001 4.99999989E-3 0.99990958
5.1199999 4.99999989E-3 0.99991012
5.1300001 4.99999989E-3 0.99991059
5.1399999 4.99999989E-3 0.99991113
5.1500001 4.99999989E-3 0.99991161
5.1599998 4.99999989E-3 0.99991214
5.1700001 4.99999989E-3 0.99991262
5.1799998 4.99999989E-3 0.9999131
5.1900001 4.99999989E-3 0.99991357
5.1999998 4.99999989E-3 0.99991405
5.21 4.99999989E-3 0.99991459
5.2199998 4.99999989E-3 0.99991506
5.23 4.99999989E-3 0.99991548
5.2399998 4.99999989E-3 0.99991596
5.25 4.99999989E-3 0.99991643
5.2600002 4.99999989E-3 0.99991691
5.27 4.99999989E-3 0.99991739
5.2800002 4.99999989E-3 0.99991781
5.29 4.99999989E-3 0.99991828
5.3000002 4.99999989E-3 0.99991876
5.3099999 4.99999989E-3 0.99991918
5.3200002 4.99999989E-3 0.99991959
5.3299999 4.99999989E-3 0.99992007
5.3400002 4.99999989E-3 0.99992049
5.3499999 4.99999989E-3 0.99992096
5.3600001 4.99999989E-3 0.99992138
5.3699999 4.99999989E-3 0.9999218
5.3800001 4.99999989E-3 0.99992222
5.3899999 4.99999989E-3 0.99992263
5.4000001 4.99999989E-3 0.99992305
5.4099998 4.99999989E-3 0.99992347
5.4200001 4.99999989E-3 0.99992388
5.4299998 4.99999989E-3 0.9999243
5.4400001 4.99999989E-3 0.99992472
5.4499998 4.99999989E-3 0.99992514
5.46 4.99999989E-3 0.99992549
5.4699998 4.99999989E-3 0.99992591
5.48 4.99999989E-3 0.99992633
5.4899998 4.99999989E-3 0.99992669
5.5 4.99999989E-3 0.9999271
5.5100002 4.99999989E-3 0.99992746
5.52 4.99999989E-3 0.99992788
5.5300002 4.99999989E-3 0.99992824
5.54 4.99999989E-3 0.99992859
5.5500002 4.99999989E-3 0.99992901
5.5599999 4.99999989E-3 0.99992937
5.5700002 4.99999989E-3 0.99992973
5.5799999 4.99999989E-3 0.99993008
5.5900002 4.99999989E-3 0.9999305
5.5999999 4.99999989E-3 0.99993086
5.6100001 4.99999989E-3 0.99993122
5.6199999 4.99999989E-3 0.99993157
5.6300001 4.99999989E-3 0.99993193
5.6399999 4.99999989E-3 0.99993229
5.6500001 4.99999989E-3 0.99993265
5.6599998 4.99999989E-3 0.99993294
5.6700001 4.99999989E-3 0.9999333
5.6799998 4.99999989E-3 0.99993366
5.6900001 4.99999989E-3 0.99993402
5.6999998 4.99999989E-3 0.99993432
5.71 4.99999989E-3 0.99993467
5.7199998 4.99999989E-3 0.99993503
5.73 4.99999989E-3 0.99993533
5.7399998 4.99999989E-3 0.99993569
5.75 4.99999989E-3 0.99993598
5.7600002 4.99999989E-3 0.99993634
5.77 4.99999989E-3 0.99993664
5.7800002 4.99999989E-3 0.999937
5.79 4.99999989E-3 0.9999373
5.8000002 4.99999989E-3 0.99993759
5.8099999 4.99999989E-3 0.99993795
5.8200002 4.99999989E-3 0.99993825
5.8299999 4.99999989E-3 0.99993855
5.8400002 4.99999989E-3 0.99993885
5.8499999 4.99999989E-3 0.99993914
5.8600001 4.99999989E-3 0.99993944
5.8699999 4.99999989E-3 0.9999398
5.8800001 4.99999989E-3 0.9999401
5.8899999 4.99999989E-3 0.9999404
5.9000001 4.99999989E-3 0.99994069
5.9099998 4.99999989E-3 0.99994093
5.9200001 4.99999989E-3 0.99994123
5.9299998 4.99999989E-3 0.99994153
5.9400001 4.99999989E-3 0.99994183
5.9499998 4.99999989E-3 0.99994212
5.96 4.99999989E-3 0.99994242
5.9699998 4.99999989E-3 0.99994266
5.98 4.99999989E-3 0.99994296
5.9899998 4.99999989E-3 0.99994326
6 4.99999989E-3 0.99994326
6.0100002 4.99999989E-3 0.99994332
6.02 4.99999989E-3 0.99994355
6.0300002 4.99999989E-3 0.99994385
6.04 4.99999989E-3 0.99994409
6.0500002 4.99999989E-3 0.99994439
6.0599999 4.99999989E-3 0.99994469
6.0700002 4.99999989E-3 0.99994493
6.0799999 4.99999989E-3 0.99994522
6.0900002 4.99999989E-3 0.99994546
6.0999999 4.99999989E-3 0.9999457
6.1100001 4.99999989E-3 0.999946
6.1199999 4.99999989E-3 0.99994624
6.1300001 4.99999989E-3 0.99994648
6.1399999 4.99999989E-3 0.99994677
6.1500001 4.99999989E-3 0.99994701
6.1599998 4.99999989E-3 0.99994725
6.1700001 4.99999989E-3 0.99994749
6.1799998 4.99999989E-3 0.99994779
6.1900001 4.99999989E-3 0.99994802
6.1999998 4.99999989E-3 0.99994826
6.21 4.99999989E-3 0.9999485
6.2199998 4.99999989E-3 0.99994874
6.23 4.99999989E-3 0.99994898
6.2399998 4.99999989E-3 0.99994922
6.25 4.99999989E-3 0.99994946
6.2600002 4.99999989E-3 0.99994969
6.27 4.99999989E-3 0.99994993
6.2800002 4.99999989E-3 0.99995017
6.29 4.99999989E-3 0.99995041
6.3000002 4.99999989E-3 0.99995065
6.3099999 4.99999989E-3 0.99995089
6.3200002 4.99999989E-3 0.99995106
6.3299999 4.99999989E-3 0.9999513
6.3400002 4.99999989E-3 0.99995154
6.3499999 4.99999989E-3 0.99995178
6.3600001 4.99999989E-3 0.99995202
6.3699999 4.99999989E-3 0.9999522
6.3800001 4.99999989E-3 0.99995244
6.3899999 4.99999989E-3 0.99995267
6.4000001 4.99999989E-3 0.99995285
6.4099998 4.99999989E-3 0.99995309
6.4200001 4.99999989E-3 0.99995333
6.4299998 4.99999989E-3 0.99995351
6.4400001 4.99999989E-3 0.99995375
6.4499998 4.99999989E-3 0.99995393
6.46 4.99999989E-3 0.99995416
6.4699998 4.99999989E-3 0.99995434
6.48 4.99999989E-3 0.99995458
6.4899998 4.99999989E-3 0.99995476
6.5 4.99999989E-3 0.999955
6.5100002 4.99999989E-3 0.99995518
6.52 4.99999989E-3 0.99995536
6.5300002 4.99999989E-3 0.99995559
6.54 4.99999989E-3 0.99995577
6.5500002 4.99999989E-3 0.99995601
6.5599999 4.99999989E-3 0.99995619
6.5700002 4.99999989E-3 0.99995637
6.5799999 4.99999989E-3 0.99995655
6.5900002 4.99999989E-3 0.99995679
6.5999999 4.99999989E-3 0.99995697
6.6100001 4.99999989E-3 0.99995714
6.6199999 4.99999989E-3 0.99995732
6.6300001 4.99999989E-3 0.9999575
6.6399999 4.99999989E-3 0.99995774
6.6500001 4.99999989E-3 0.99995792
6.6599998 4.99999989E-3 0.9999581
6.6700001 4.99999989E-3 0.99995828
6.6799998 4.99999989E-3 0.99995846
6.6900001 4.99999989E-3 0.99995863
6.6999998 4.99999989E-3 0.99995881
6.71 4.99999989E-3 0.99995899
6.7199998 4.99999989E-3 0.99995917
6.73 4.99999989E-3 0.99995935
6.7399998 4.99999989E-3 0.99995953
6.75 4.99999989E-3 0.99995971
6.7600002 4.99999989E-3 0.99995989
6.77 4.99999989E-3 0.99996006
6.7800002 4.99999989E-3 0.99996024
6.79 4.99999989E-3 0.99996042
6.8000002 4.99999989E-3 0.9999606
6.8099999 4.99999989E-3 0.99996078
6.8200002 4.99999989E-3 0.99996096
6.8299999 4.99999989E-3 0.99996108
6.8400002 4.99999989E-3 0.99996126
6.8499999 4.99999989E-3 0.99996144
6.8600001 4.99999989E-3 0.99996161
6.8699999 4.99999989E-3 0.99996179
6.8800001 4.99999989E-3 0.99996191
6.8899999 4.99999989E-3 0.99996209
6.9000001 4.99999989E-3 0.99996227
6.9099998 4.99999989E-3 0.99996239
6.9200001 4.99999989E-3 0.99996257
6.9299998 4.99999989E-3 0.99996275
6.9400001 4.99999989E-3 0.99996287
6.9499998 4.99999989E-3 0.99996305
6.96 4.99999989E-3 0.99996322
6.9699998 4.99999989E-3 0.99996334
6.98 4.99999989E-3 0.99996352
6.9899998 4.99999989E-3 0.9999637
7 4.99999989E-3 0.99996382
7.0100002 4.99999989E-3 0.999964
7.02 4.99999989E-3 0.99996412
7.0300002 4.99999989E-3 0.9999643
7.04 4.99999989E-3 0.99996442
7.0500002 4.99999989E-3 0.99996459
7.0599999 4.99999989E-3 0.99996471
7.0700002 4.99999989E-3 0.99996489
7.0799999 4.99999989E-3 0.99996501
7.0900002 4.99999989E-3 0.99996519
7.0999999 4.99999989E-3 0.99996531
7.1100001 4.99999989E-3 0.99996543
7.1199999 4.99999989E-3 0.99994749
7.1300001 4.99999989E-3 0.99992961
7.1399999 4.99999989E-3 0.99992985
7.1500001 4.99999989E-3 0.99993014
7.1599998 4.99999989E-3 0.99993038
7.1700001 4.99999989E-3 0.99993068
7.1799998 4.99999989E-3 0.99993092
7.1900001 4.99999989E-3 0.99993122
7.1999998 4.99999989E-3 0.99993145
7.21 4.99999989E-3 0.99993175
7.2199998 4.99999989E-3 0.99993199
7.23 4.99999989E-3 0.99993223
7.2399998 4.99999989E-3 0.99993247
7.25 4.99999989E-3 0.99993277
7.2600002 4.99999989E-3 0.999933
7.27 4.99999989E-3 0.99993324
7.2800002 4.99999989E-3 0.99993348
7.29 4.99999989E-3 0.99993378
7.3000002 4.99999989E-3 0.99993402
7.3099999 4.99999989E-3 0.99993426
7.3200002 4.99999989E-3 0.99993449
7.3299999 4.99999989E-3 0.99993473
7.3400002 4.99999989E-3 0.99993497
7.3499999 4.99999989E-3 0.99993521
7.3600001 4.99999989E-3 0.99993545
7.3699999 4.99999989E-3 0.99993575
7.3800001 4.99999989E-3 0.99993598
7.3899999 4.99999989E-3 0.99993622
7.4000001 4.99999989E-3 0.9999364
7.4099998 4.99999989E-3 0.99993664
7.4200001 4.99999989E-3 0.99993688
7.4299998 4.99999989E-3 0.99993712
7.4400001 4.99999989E-3 0.99993736
7.4499998 4.99999989E-3 0.99993759
7.46 4.99999989E-3 0.99993783
7.4699998 4.99999989E-3 0.99993807
7.48 4.99999989E-3 0.99993831
7.4899998 4.99999989E-3 0.99993849
7.5 4.99999989E-3 0.99993873
7.5100002 4.99999989E-3 0.99993896
7.52 4.99999989E-3 0.9999392
7.5300002 4.99999989E-3 0.99993938
7.54 4.99999989E-3 0.99993962
7.5500002 4.99999989E-3 0.99993986
7.5599999 4.99999989E-3 0.99994004
7.5700002 4.99999989E-3 0.99994028
7.5799999 4.99999989E-3 0.99994051
7.5900002 4.99999989E-3 0.99994069
7.5999999 4.99999989E-3 0.99994093
7.6100001 4.99999989E-3 0.99994117
7.6199999 4.99999989E-3 0.99994135
7.6300001 4.99999989E-3 0.99994159
7.6399999 4.99999989E-3 0.99994177
7.6500001 4.99999989E-3 0.999942
7.6599998 4.99999989E-3 0.99994218
7.6700001 4.99999989E-3 0.99994242
7.6799998 4.99999989E-3 0.9999426
7.6900001 4.99999989E-3 0.99994284
7.6999998 4.99999989E-3 0.99994302
7.71 4.99999989E-3 0.9999432
7.7199998 4.99999989E-3 0.99994338
7.73 4.99999989E-3 0.99994355
7.7399998 4.99999989E-3 0.99994373
7.75 4.99999989E-3 0.99994391
7.7600002 4.99999989E-3 0.99994415
7.77 4.99999989E-3 0.99994433
7.7800002 4.99999989E-3 0.99994451
7.79 4.99999989E-3 0.99994475
7.8000002 4.99999989E-3 0.99994493
7.8099999 4.99999989E-3 0.9999451
7.8200002 4.99999989E-3 0.99994528
7.8299999 4.99999989E-3 0.99994552
7.8400002 4.99999989E-3 0.9999457
7.8499999 4.99999989E-3 0.99994588
7.8600001 4.99999989E-3 0.99994606
7.8699999 4.99999989E-3 0.99994624
7.8800001 4.99999989E-3 0.99994642
7.8899999 4.99999989E-3 0.99994665
7.9000001 4.99999989E-3 0.99994683
7.9099998 4.99999989E-3 0.99994701
7.9200001 4.99999989E-3 0.99994719
7.9299998 4.99999989E-3 0.99994737
7.9400001 4.99999989E-3 0.99994755
7.9499998 4.99999989E-3 0.99994773
7.96 4.99999989E-3 0.99994791
7.9699998 4.99999989E-3 0.99994808
7.98 4.99999989E-3 0.99994826
7.9899998 4.99999989E-3 0.99994844
8 4.99999989E-3 0.99994862
8.0100002 4.99999989E-3 0.9999488
8.0200005 4.99999989E-3 0.99994898
8.0299997 4.99999989E-3 0.99994916
8.04 4.99999989E-3 0.99994934
8.0500002 4.99999989E-3 0.99994951
8.0600004 4.99999989E-3 0.99994969
8.0699997 4.99999989E-3 0.99994987
8.0799999 4.99999989E-3 0.99995005
8.0900002 4.99999989E-3 0.99995017
8.1000004 4.99999989E-3 0.99995035
8.1099997 4.99999989E-3 0.99995053
8.1199999 4.99999989E-3 0.99995071
8.1300001 4.99999989E-3 0.99995089
8.1400003 4.99999989E-3 0.99995106
8.1499996 4.99999989E-3 0.99995118
8.1599998 4.99999989E-3 0.99995136
8.1700001 4.99999989E-3 0.99995154
8.1800003 4.99999989E-3 0.99995172
8.1899996 4.99999989E-3 0.99995184
8.1999998 4.99999989E-3 0.99995202
8.21 4.99999989E-3 0.9999522
8.2200003 4.99999989E-3 0.99995238
8.2299995 4.99999989E-3 0.9999525
8.2399998 4.99999989E-3 0.99995267
8.25 4.99999989E-3 0.99995285
8.2600002 4.99999989E-3 0.99995297
8.2700005 4.99999989E-3 0.99995315
8.2799997 4.99999989E-3 0.99995333
8.29 4.99999989E-3 0.99995345
8.3000002 4.99999989E-3 0.99995363
8.3100004 4.99999989E-3 0.99995375
8.3199997 4.99999989E-3 0.99995393
8.3299999 4.99999989E-3 0.99995404
8.3400002 4.99999989E-3 0.99995422
8.3500004 4.99999989E-3 0.99995375
8.3599997 4.99999989E-3 0.99995327
8.3699999 4.99999989E-3 0.99995339
8.3800001 4.99999989E-3 0.99995357
8.3900003 4.99999989E-3 0.99995369
8.3999996 4.99999989E-3 0.99995387
8.4099998 4.99999989E-3 0.99995404
8.4200001 4.99999989E-3 0.99995416
8.4300003 4.99999989E-3 0.99995434
8.4399996 4.99999989E-3 0.99995446
8.4499998 4.99999989E-3 0.99995464
8.46 4.99999989E-3 0.99995476
8.4700003 4.99999989E-3 0.99995494
8.4799995 4.99999989E-3 0.99995506
8.4899998 4.99999989E-3 0.99995524
8.5 4.99999989E-3 0.99995536
8.5100002 4.99999989E-3 0.99995548
8.5200005 4.99999989E-3 0.99995565
8.5299997 4.99999989E-3 0.99995577
8.54 4.99999989E-3 0.99995595
8.5500002 4.99999989E-3 0.99995607
8.5600004 4.99999989E-3 0.99995619
8.5699997 4.99999989E-3 0.99995637
8.5799999 4.99999989E-3 0.99995649
8.5900002 4.99999989E-3 0.99995667
8.6000004 4.99999989E-3 0.99995679
8.6099997 4.99999989E-3 0.99995691
8.6199999 4.99999989E-3 0.99995708
8.6300001 4.99999989E-3 0.9999572
8.6400003 4.99999989E-3 0.99995732
8.6499996 4.99999989E-3 0.99995744
8.6599998 4.99999989E-3 0.99995762
8.6700001 4.99999989E-3 0.99995774
8.6800003 4.99999989E-3 0.99995786
8.6899996 4.99999989E-3 0.99995804
8.6999998 4.99999989E-3 0.99995816
8.71 4.99999989E-3 0.99995828
8.7200003 4.99999989E-3 0.9999584
8.7299995 4.99999989E-3 0.99995852
8.7399998 4.99999989E-3 0.99995869
8.75 4.99999989E-3 0.99995881
8.7600002 4.99999989E-3 0.99995893
8.7700005 4.99999989E-3 0.99995905
8.7799997 4.99999989E-3 0.99995917
8.79 4.99999989E-3 0.99995935
8.8000002 4.99999989E-3 0.99995947
8.8100004 4.99999989E-3 0.99995959
8.8199997 4.99999989E-3 0.99995971
8.8299999 4.99999989E-3 0.99995983
8.8400002 4.99999989E-3 0.99995995
8.8500004 4.99999989E-3 0.99996006
8.8599997 4.99999989E-3 0.99996018
8.8699999 4.99999989E-3 0.99996036
8.8800001 4.99999989E-3 0.99996048
8.8900003 4.99999989E-3 0.9999606
8.8999996 4.99999989E-3 0.99996072
8.9099998 4.99999989E-3 0.99996084
8.9200001 4.99999989E-3 0.99996096
8.9300003 4.99999989E-3 0.99996108
8.9399996 4.99999989E-3 0.9999612
8.9499998 4.99999989E-3 0.99996132
8.96 4.99999989E-3 0.99996144
8.9700003 4.99999989E-3 0.99996156
8.9799995 4.99999989E-3 0.99996167
8.9899998 4.99999989E-3 0.99996179
9 4.99999989E-3 0.99996191
9.0100002 4.99999989E-3 0.99996203
9.0200005 4.99999989E-3 0.99996215
9.0299997 4.99999989E-3 0.99996227
9.04 4.99999989E-3 0.99996239
9.0500002 4.99999989E-3 0.99996251
9.0600004 4.99999989E-3 0.99996263
9.0699997 4.99999989E-3 0.99996275
9.0799999 4.99999989E-3 0.99996281
9.0900002 4.99999989E-3 0.99996293
9.1000004 4.99999989E-3 0.99996305
9.1099997 4.99999989E-3 0.99996316
9.1199999 4.99999989E-3 0.99996328
9.1300001 4.99999989E-3 0.9999634
9.1400003 4.99999989E-3 0.99996352
9.1499996 4.99999989E-3 0.99996364
9.1599998 4.99999989E-3 0.99996376
9.1700001 4.99999989E-3 0.99996382
9.1800003 4.99999989E-3 0.99996394
9.1899996 4.99999989E-3 0.99996406
9.1999998 4.99999989E-3 0.99996418
9.21 4.99999989E-3 0.9999643
9.2200003 4.99999989E-3 0.99996442
9.2299995 4.99999989E-3 0.99996448
9.2399998 4.99999989E-3 0.99996459
9.25 4.99999989E-3 0.99996471
9.2600002 4.99999989E-3 0.99996483
9.2700005 4.99999989E-3 0.99996489
9.2799997 4.99999989E-3 0.99996501
9.29 4.99999989E-3 0.99996513
9.3000002 4.99999989E-3 0.99996525
9.3100004 4.99999989E-3 0.99996531
9.3199997 4.99999989E-3 0.99996543
9.3299999 4.99999989E-3 0.99996555
9.3400002 4.99999989E-3 0.99996567
9.3500004 4.99999989E-3 0.99996573
9.3599997 4.99999989E-3 0.99996585
9.3699999 4.99999989E-3 0.99996597
9.3800001 4.99999989E-3 0.99996608
9.3900003 4.99999989E-3 0.99996614
9.3999996 4.99999989E-3 0.99996626
9.4099998 4.99999989E-3 0.99996638
9.4200001 4.99999989E-3 0.99996644
9.4300003 4.99999989E-3 0.99996656
9.4399996 4.99999989E-3 0.99996668
9.4499998 4.99999989E-3 0.99996674
9.46 4.99999989E-3 0.99996686
9.4700003 4.99999989E-3 0.99996698
9.4799995 4.99999989E-3 0.99996704
9.4899998 4.99999989E-3 0.99996716
9.5 4.99999989E-3 0.99996722
9.5100002 4.99999989E-3 0.99996734
9.5200005 4.99999989E-3 0.99996746
9.5299997 4.99999989E-3 0.99996752
9.54 4.99999989E-3 0.99996763
9.5500002 4.99999989E-3 0.99996769
9.5600004 4.99999989E-3 0.99996781
9.5699997 4.99999989E-3 0.99996793
9.5799999 4.99999989E-3 0.99996799
9.5900002 4.99999989E-3 0.99996811
9.6000004 4.99999989E-3 0.99996817
9.6099997 4.99999989E-3 0.99996829
9.6199999 4.99999989E-3 0.99996835
9.6300001 4.99999989E-3 0.99996847
9.6400003 4.99999989E-3 0.99996853
9.6499996 4.99999989E-3 0.99996865
9.6599998 4.99999989E-3 0.99996871
9.6700001 4.99999989E-3 0.99996883
9.6800003 4.99999989E-3 0.99996889
9.6899996 4.99999989E-3 0.99996901
9.6999998 4.99999989E-3 0.99996907
9.71 4.99999989E-3 0.99996918
9.7200003 4.99999989E-3 0.99996924
9.7299995 4.99999989E-3 0.99996936
9.7399998 4.99999989E-3 0.99996942
9.75 4.99999989E-3 0.99996954
9.7600002 4.99999989E-3 0.9999696
9.7700005 4.99999989E-3 0.99996972
9.7799997 4.99999989E-3 0.99996978
9.79 4.99999989E-3 0.9999699
9.8000002 4.99999989E-3 0.99996996
9.8100004 4.99999989E-3 0.99997008
9.8199997 4.99999989E-3 0.99997014
9.8299999 4.99999989E-3 0.9999702
9.8400002 4.99999989E-3 0.99997032
9.8500004 4.99999989E-3 0.99997038
9.8599997 4.99999989E-3 0.9999705
9.8699999 4.99999989E-3 0.99997056
9.8800001 4.99999989E-3 0.99997061
9.8900003 4.99999989E-3 0.99997073
9.8999996 4.99999989E-3 0.99997079
9.9099998 4.99999989E-3 0.99997091
9.9200001 4.99999989E-3 0.99997097
9.9300003 4.99999989E-3 0.99997103
9.9399996 4.99999989E-3 0.99997115
9.9499998 4.99999989E-3 0.99997121
9.96 4.99999989E-3 0.99997127
9.9700003 4.99999989E-3 0.99997139
9.9799995 4.99999989E-3 0.99997145
9.9899998 4.99999989E-3 0.99997157
10 4.99999989E-3 0.99997163
10.01 4.99999989E-3 0.99997169
10.02 4.99999989E-3 0.99997181
10.03 4.99999989E-3 0.99997187
10.04 4.99999989E-3 0.99997193
10.05 4.99999989E-3 0.99997199
10.06 4.99999989E-3 0.99997211
10.07 4.99999989E-3 0.99997216
10.08 4.99999989E-3 0.99997222
10.09 4.99999989E-3 0.99997234
10.1 4.99999989E-3 0.9999724
10.11 4.99999989E-3 0.99997246
10.12 4.99999989E-3 0.99997258
10.13 4.99999989E-3 0.99997264
10.14 4.99999989E-3 0.9999727
10.15 4.99999989E-3 0.99997276
10.16 4.99999989E-3 0.99997288
10.17 4.99999989E-3 0.99997294
10.18 4.99999989E-3 0.999973
10.19 4.99999989E-3 0.99997306
10.2 4.99999989E-3 0.99997318
10.21 4.99999989E-3 0.99997324
10.22 4.99999989E-3 0.9999733
10.23 4.99999989E-3 0.99997336
10.24 4.99999989E-3 0.99997348
10.25 4.99999989E-3 0.99997354
10.26 4.99999989E-3 0.9999736
10.27 4.99999989E-3 0.99997365
10.28 4.99999989E-3 0.99997371
10.29 4.99999989E-3 0.99997383
10.3 4.99999989E-3 0.99997389
10.31 4.99999989E-3 0.99997395
10.32 4.99999989E-3 0.99997401
10.33 4.99999989E-3 0.99997407
10.34 4.99999989E-3 0.99997419
10.35 4.99999989E-3 0.99997425
10.36 4.99999989E-3 0.99997431
10.37 4.99999989E-3 0.99997437
10.38 4.99999989E-3 0.99997443
10.39 4.99999989E-3 0.99997449
10.4 4.99999989E-3 0.99997461
10.41 4.99999989E-3 0.99997467
10.42 4.99999989E-3 0.99997473
10.43 4.99999989E-3 0.99997479
10.44 4.99999989E-3 0.99997485
10.45 4.99999989E-3 0.99997491
10.46 4.99999989E-3 0.99997497
10.47 4.99999989E-3 0.99997503
10.48 4.99999989E-3 0.99997514
10.49 4.99999989E-3 0.9999752
10.5 4.99999989E-3 0.99997526
10.51 4.99999989E-3 0.99997532
10.52 4.99999989E-3 0.99997538
10.53 4.99999989E-3 0.99997544
10.54 4.99999989E-3 0.9999755
10.55 4.99999989E-3 0.99997556
10.56 4.99999989E-3 0.99997562
10.57 4.99999989E-3 0.99997574
10.58 4.99999989E-3 0.9999758
10.59 4.99999989E-3 0.99997586
10.6 4.99999989E-3 0.99997592
10.61 4.99999989E-3 0.99997598
10.62 4.99999989E-3 0.99997604
10.63 4.99999989E-3 0.9999761
10.64 4.99999989E-3 0.99997616
10.65 4.99999989E-3 0.99997622
10.66 4.99999989E-3 0.99997628
10.67 4.99999989E-3 0.99997634
10.68 4.99999989E-3 0.9999764
10.69 4.99999989E-3 0.99997646
10.7 4.99999989E-3 0.99997652
10.71 4.99999989E-3 0.99997658
10.72 4.99999989E-3 0.99997663
10.73 4.99999989E-3 0.99997669
10.74 4.99999989E-3 0.99997675
10.75 4.99999989E-3 0.99997681
10.76 4.99999989E-3 0.99997687
10.77 4.99999989E-3 0.99997693
10.78 4.99999989E-3 0.99997699
10.79 4.99999989E-3 0.99997705
10.8 4.99999989E-3 0.99997711
10.81 4.99999989E-3 0.99997717
10.82 4.99999989E-3 0.99997723
10.83 4.99999989E-3 0.99997729
10.84 4.99999989E-3 0.99997735
10.85 4.99999989E-3 0.99997741
10.86 4.99999989E-3 0.99997747
10.87 4.99999989E-3 0.99997753
10.88 4.99999989E-3 0.99997759
10.89 4.99999989E-3 0.99997765
10.9 4.99999989E-3 0.99997771
10.91 4.99999989E-3 0.99997777
10.92 4.99999989E-3 0.99997783
10.93 4.99999989E-3 0.99997789
10.94 4.99999989E-3 0.99997795
10.95 4.99999989E-3 0.99997801
10.96 4.99999989E-3 0.99997807
10.97 4.99999989E-3 0.99997813
10.98 4.99999989E-3 0.99997818
10.99 4.99999989E-3 0.99997824
11 4.99999989E-3 0.9999783
11.01 4.99999989E-3 0.99997836
11.02 4.99999989E-3 0.99997842
11.03 4.99999989E-3 0.99997848
11.04 4.99999989E-3 0.99997854
11.05 4.99999989E-3 0.99997854
11.06 4.99999989E-3 0.9999786
11.07 4.99999989E-3 0.99997866
11.08 4.99999989E-3 0.99997872
11.09 4.99999989E-3 0.99997878
11.1 4.99999989E-3 0.99997884
11.11 4.99999989E-3 0.9999789
11.12 4.99999989E-3 0.99997896
11.13 4.99999989E-3 0.99997902
11.14 4.99999989E-3 0.99997908
11.15 4.99999989E-3 0.99997908
11.16 4.99999989E-3 0.99997914
11.17 4.99999989E-3 0.9999792
11.18 4.99999989E-3 0.99997926
11.19 4.99999989E-3 0.99997932
11.2 4.99999989E-3 0.99997938
11.21 4.99999989E-3 0.99997944
11.22 4.99999989E-3 0.9999795
11.23 4.99999989E-3 0.9999795
11.24 4.99999989E-3 0.99997956
11.25 4.99999989E-3 0.99997962
11.26 4.99999989E-3 0.99997967
11.27 4.99999989E-3 0.99997973
11.28 4.99999989E-3 0.99997979
11.29 4.99999989E-3 0.99997985
11.3 4.99999989E-3 0.99997985
11.31 4.99999989E-3 0.99997991
11.32 4.99999989E-3 0.99997997
11.33 4.99999989E-3 0.99998003
11.34 4.99999989E-3 0.99998009
11.35 4.99999989E-3 0.99998015
11.36 4.99999989E-3 0.99998015
11.37 4.99999989E-3 0.99998021
11.38 4.99999989E-3 0.99998027
11.39 4.99999989E-3 0.99998033
11.4 4.99999989E-3 0.99998039
11.41 4.99999989E-3 0.99998045
11.42 4.99999989E-3 0.99998045
11.43 4.99999989E-3 0.99998051
11.44 4.99999989E-3 0.99998057
11.45 4.99999989E-3 0.99998063
11.46 4.99999989E-3 0.99998069
11.47 4.99999989E-3 0.99998069
11.48 4.99999989E-3 0.99998075
11.49 4.99999989E-3 0.99998081
11.5 4.99999989E-3 0.99998087
11.51 4.99999989E-3 0.99998093
11.52 4.99999989E-3 0.99998093
11.53 4.99999989E-3 0.99998099
11.54 4.99999989E-3 0.99998105
11.55 4.99999989E-3 0.99998111
11.56 4.99999989E-3 0.99998111
11.57 4.99999989E-3 0.99998116
11.58 4.99999989E-3 0.99998122
11.59 4.99999989E-3 0.99998128
11.6 4.99999989E-3 0.99998134
11.61 4.99999989E-3 0.99998134
11.62 4.99999989E-3 0.9999814
11.63 4.99999989E-3 0.99998146
11.64 4.99999989E-3 0.99998152
11.65 4.99999989E-3 0.99998152
11.66 4.99999989E-3 0.99998158
11.67 4.99999989E-3 0.99998164
11.68 4.99999989E-3 0.9999817
11.69 4.99999989E-3 0.9999817
11.7 4.99999989E-3 0.99998176
11.71 4.99999989E-3 0.99998182
11.72 4.99999989E-3 0.99998188
11.73 4.99999989E-3 0.99998188
11.74 4.99999989E-3 0.99998194
11.75 4.99999989E-3 0.999982
11.76 4.99999989E-3 0.999982
11.77 4.99999989E-3 0.99998206
11.78 4.99999989E-3 0.99998212
11.79 4.99999989E-3 0.99998218
11.8 4.99999989E-3 0.99998218
11.81 4.99999989E-3 0.99998224
11.82 4.99999989E-3 0.9999823
11.83 4.99999989E-3 0.99998236
11.84 4.99999989E-3 0.99998236
11.85 4.99999989E-3 0.99998242
11.86 4.99999989E-3 0.99998248
11.87 4.99999989E-3 0.99998248
11.88 4.99999989E-3 0.99998254
11.89 4.99999989E-3 0.9999826
11.9 4.99999989E-3 0.9999826
11.91 4.99999989E-3 0.99998266
11.92 4.99999989E-3 0.99998271
11.93 4.99999989E-3 0.99998271
11.94 4.99999989E-3 0.99998277
11.95 4.99999989E-3 0.99998283
11.96 4.99999989E-3 0.99998289
11.97 4.99999989E-3 0.99998289
11.98 4.99999989E-3 0.99998295
11.99 4.99999989E-3 0.99998301
12 4.99999989E-3 0.99998301
