
    CHANNEL          E_MIN          E_MAX
       chan            keV            keV
          0        0.00000      0.0100000
          1      0.0100000      0.0200000
          2      0.0200000      0.0300000
          3      0.0300000      0.0400000
          4      0.0400000      0.0500000
          5      0.0500000      0.0600000
          6      0.0600000      0.0700000
          7      0.0700000      0.0800000
          8      0.0800000      0.0900000
          9      0.0900000       0.100000
         10       0.100000       0.110000
         11       0.110000       0.120000
         12       0.120000       0.130000
         13       0.130000       0.140000
         14       0.140000       0.150000
         15       0.150000       0.160000
         16       0.160000       0.170000
         17       0.170000       0.180000
         18       0.180000       0.190000
         19       0.190000       0.200000
         20       0.200000       0.210000
         21       0.210000       0.220000
         22       0.220000       0.230000
         23       0.230000       0.240000
         24       0.240000       0.250000
         25       0.250000       0.260000
         26       0.260000       0.270000
         27       0.270000       0.280000
         28       0.280000       0.290000
         29       0.290000       0.300000
         30       0.300000       0.310000
         31       0.310000       0.320000
         32       0.320000       0.330000
         33       0.330000       0.340000
         34       0.340000       0.350000
         35       0.350000       0.360000
         36       0.360000       0.370000
         37       0.370000       0.380000
         38       0.380000       0.390000
         39       0.390000       0.400000
         40       0.400000       0.410000
         41       0.410000       0.420000
         42       0.420000       0.430000
         43       0.430000       0.440000
         44       0.440000       0.450000
         45       0.450000       0.460000
         46       0.460000       0.470000
         47       0.470000       0.480000
         48       0.480000       0.490000
         49       0.490000       0.500000
         50       0.500000       0.510000
         51       0.510000       0.520000
         52       0.520000       0.530000
         53       0.530000       0.540000
         54       0.540000       0.550000
         55       0.550000       0.560000
         56       0.560000       0.570000
         57       0.570000       0.580000
         58       0.580000       0.590000
         59       0.590000       0.600000
         60       0.600000       0.610000
         61       0.610000       0.620000
         62       0.620000       0.630000
         63       0.630000       0.640000
         64       0.640000       0.650000
         65       0.650000       0.660000
         66       0.660000       0.670000
         67       0.670000       0.680000
         68       0.680000       0.690000
         69       0.690000       0.700000
         70       0.700000       0.710000
         71       0.710000       0.720000
         72       0.720000       0.730000
         73       0.730000       0.740000
         74       0.740000       0.750000
         75       0.750000       0.760000
         76       0.760000       0.770000
         77       0.770000       0.780000
         78       0.780000       0.790000
         79       0.790000       0.800000
         80       0.800000       0.810000
         81       0.810000       0.820000
         82       0.820000       0.830000
         83       0.830000       0.840000
         84       0.840000       0.850000
         85       0.850000       0.860000
         86       0.860000       0.870000
         87       0.870000       0.880000
         88       0.880000       0.890000
         89       0.890000       0.900000
         90       0.900000       0.910000
         91       0.910000       0.920000
         92       0.920000       0.930000
         93       0.930000       0.940000
         94       0.940000       0.950000
         95       0.950000       0.960000
         96       0.960000       0.970000
         97       0.970000       0.980000
         98       0.980000       0.990000
         99       0.990000        1.00000
        100        1.00000        1.01000
        101        1.01000        1.02000
        102        1.02000        1.03000
        103        1.03000        1.04000
        104        1.04000        1.05000
        105        1.05000        1.06000
        106        1.06000        1.07000
        107        1.07000        1.08000
        108        1.08000        1.09000
        109        1.09000        1.10000
        110        1.10000        1.11000
        111        1.11000        1.12000
        112        1.12000        1.13000
        113        1.13000        1.14000
        114        1.14000        1.15000
        115        1.15000        1.16000
        116        1.16000        1.17000
        117        1.17000        1.18000
        118        1.18000        1.19000
        119        1.19000        1.20000
        120        1.20000        1.21000
        121        1.21000        1.22000
        122        1.22000        1.23000
        123        1.23000        1.24000
        124        1.24000        1.25000
        125        1.25000        1.26000
        126        1.26000        1.27000
        127        1.27000        1.28000
        128        1.28000        1.29000
        129        1.29000        1.30000
        130        1.30000        1.31000
        131        1.31000        1.32000
        132        1.32000        1.33000
        133        1.33000        1.34000
        134        1.34000        1.35000
        135        1.35000        1.36000
        136        1.36000        1.37000
        137        1.37000        1.38000
        138        1.38000        1.39000
        139        1.39000        1.40000
        140        1.40000        1.41000
        141        1.41000        1.42000
        142        1.42000        1.43000
        143        1.43000        1.44000
        144        1.44000        1.45000
        145        1.45000        1.46000
        146        1.46000        1.47000
        147        1.47000        1.48000
        148        1.48000        1.49000
        149        1.49000        1.50000
        150        1.50000        1.51000
        151        1.51000        1.52000
        152        1.52000        1.53000
        153        1.53000        1.54000
        154        1.54000        1.55000
        155        1.55000        1.56000
        156        1.56000        1.57000
        157        1.57000        1.58000
        158        1.58000        1.59000
        159        1.59000        1.60000
        160        1.60000        1.61000
        161        1.61000        1.62000
        162        1.62000        1.63000
        163        1.63000        1.64000
        164        1.64000        1.65000
        165        1.65000        1.66000
        166        1.66000        1.67000
        167        1.67000        1.68000
        168        1.68000        1.69000
        169        1.69000        1.70000
        170        1.70000        1.71000
        171        1.71000        1.72000
        172        1.72000        1.73000
        173        1.73000        1.74000
        174        1.74000        1.75000
        175        1.75000        1.76000
        176        1.76000        1.77000
        177        1.77000        1.78000
        178        1.78000        1.79000
        179        1.79000        1.80000
        180        1.80000        1.81000
        181        1.81000        1.82000
        182        1.82000        1.83000
        183        1.83000        1.84000
        184        1.84000        1.85000
        185        1.85000        1.86000
        186        1.86000        1.87000
        187        1.87000        1.88000
        188        1.88000        1.89000
        189        1.89000        1.90000
        190        1.90000        1.91000
        191        1.91000        1.92000
        192        1.92000        1.93000
        193        1.93000        1.94000
        194        1.94000        1.95000
        195        1.95000        1.96000
        196        1.96000        1.97000
        197        1.97000        1.98000
        198        1.98000        1.99000
        199        1.99000        2.00000
        200        2.00000        2.01000
        201        2.01000        2.02000
        202        2.02000        2.03000
        203        2.03000        2.04000
        204        2.04000        2.05000
        205        2.05000        2.06000
        206        2.06000        2.07000
        207        2.07000        2.08000
        208        2.08000        2.09000
        209        2.09000        2.10000
        210        2.10000        2.11000
        211        2.11000        2.12000
        212        2.12000        2.13000
        213        2.13000        2.14000
        214        2.14000        2.15000
        215        2.15000        2.16000
        216        2.16000        2.17000
        217        2.17000        2.18000
        218        2.18000        2.19000
        219        2.19000        2.20000
        220        2.20000        2.21000
        221        2.21000        2.22000
        222        2.22000        2.23000
        223        2.23000        2.24000
        224        2.24000        2.25000
        225        2.25000        2.26000
        226        2.26000        2.27000
        227        2.27000        2.28000
        228        2.28000        2.29000
        229        2.29000        2.30000
        230        2.30000        2.31000
        231        2.31000        2.32000
        232        2.32000        2.33000
        233        2.33000        2.34000
        234        2.34000        2.35000
        235        2.35000        2.36000
        236        2.36000        2.37000
        237        2.37000        2.38000
        238        2.38000        2.39000
        239        2.39000        2.40000
        240        2.40000        2.41000
        241        2.41000        2.42000
        242        2.42000        2.43000
        243        2.43000        2.44000
        244        2.44000        2.45000
        245        2.45000        2.46000
        246        2.46000        2.47000
        247        2.47000        2.48000
        248        2.48000        2.49000
        249        2.49000        2.50000
        250        2.50000        2.51000
        251        2.51000        2.52000
        252        2.52000        2.53000
        253        2.53000        2.54000
        254        2.54000        2.55000
        255        2.55000        2.56000
        256        2.56000        2.57000
        257        2.57000        2.58000
        258        2.58000        2.59000
        259        2.59000        2.60000
        260        2.60000        2.61000
        261        2.61000        2.62000
        262        2.62000        2.63000
        263        2.63000        2.64000
        264        2.64000        2.65000
        265        2.65000        2.66000
        266        2.66000        2.67000
        267        2.67000        2.68000
        268        2.68000        2.69000
        269        2.69000        2.70000
        270        2.70000        2.71000
        271        2.71000        2.72000
        272        2.72000        2.73000
        273        2.73000        2.74000
        274        2.74000        2.75000
        275        2.75000        2.76000
        276        2.76000        2.77000
        277        2.77000        2.78000
        278        2.78000        2.79000
        279        2.79000        2.80000
        280        2.80000        2.81000
        281        2.81000        2.82000
        282        2.82000        2.83000
        283        2.83000        2.84000
        284        2.84000        2.85000
        285        2.85000        2.86000
        286        2.86000        2.87000
        287        2.87000        2.88000
        288        2.88000        2.89000
        289        2.89000        2.90000
        290        2.90000        2.91000
        291        2.91000        2.92000
        292        2.92000        2.93000
        293        2.93000        2.94000
        294        2.94000        2.95000
        295        2.95000        2.96000
        296        2.96000        2.97000
        297        2.97000        2.98000
        298        2.98000        2.99000
        299        2.99000        3.00000
        300        3.00000        3.01000
        301        3.01000        3.02000
        302        3.02000        3.03000
        303        3.03000        3.04000
        304        3.04000        3.05000
        305        3.05000        3.06000
        306        3.06000        3.07000
        307        3.07000        3.08000
        308        3.08000        3.09000
        309        3.09000        3.10000
        310        3.10000        3.11000
        311        3.11000        3.12000
        312        3.12000        3.13000
        313        3.13000        3.14000
        314        3.14000        3.15000
        315        3.15000        3.16000
        316        3.16000        3.17000
        317        3.17000        3.18000
        318        3.18000        3.19000
        319        3.19000        3.20000
        320        3.20000        3.21000
        321        3.21000        3.22000
        322        3.22000        3.23000
        323        3.23000        3.24000
        324        3.24000        3.25000
        325        3.25000        3.26000
        326        3.26000        3.27000
        327        3.27000        3.28000
        328        3.28000        3.29000
        329        3.29000        3.30000
        330        3.30000        3.31000
        331        3.31000        3.32000
        332        3.32000        3.33000
        333        3.33000        3.34000
        334        3.34000        3.35000
        335        3.35000        3.36000
        336        3.36000        3.37000
        337        3.37000        3.38000
        338        3.38000        3.39000
        339        3.39000        3.40000
        340        3.40000        3.41000
        341        3.41000        3.42000
        342        3.42000        3.43000
        343        3.43000        3.44000
        344        3.44000        3.45000
        345        3.45000        3.46000
        346        3.46000        3.47000
        347        3.47000        3.48000
        348        3.48000        3.49000
        349        3.49000        3.50000
        350        3.50000        3.51000
        351        3.51000        3.52000
        352        3.52000        3.53000
        353        3.53000        3.54000
        354        3.54000        3.55000
        355        3.55000        3.56000
        356        3.56000        3.57000
        357        3.57000        3.58000
        358        3.58000        3.59000
        359        3.59000        3.60000
        360        3.60000        3.61000
        361        3.61000        3.62000
        362        3.62000        3.63000
        363        3.63000        3.64000
        364        3.64000        3.65000
        365        3.65000        3.66000
        366        3.66000        3.67000
        367        3.67000        3.68000
        368        3.68000        3.69000
        369        3.69000        3.70000
        370        3.70000        3.71000
        371        3.71000        3.72000
        372        3.72000        3.73000
        373        3.73000        3.74000
        374        3.74000        3.75000
        375        3.75000        3.76000
        376        3.76000        3.77000
        377        3.77000        3.78000
        378        3.78000        3.79000
        379        3.79000        3.80000
        380        3.80000        3.81000
        381        3.81000        3.82000
        382        3.82000        3.83000
        383        3.83000        3.84000
        384        3.84000        3.85000
        385        3.85000        3.86000
        386        3.86000        3.87000
        387        3.87000        3.88000
        388        3.88000        3.89000
        389        3.89000        3.90000
        390        3.90000        3.91000
        391        3.91000        3.92000
        392        3.92000        3.93000
        393        3.93000        3.94000
        394        3.94000        3.95000
        395        3.95000        3.96000
        396        3.96000        3.97000
        397        3.97000        3.98000
        398        3.98000        3.99000
        399        3.99000        4.00000
        400        4.00000        4.01000
        401        4.01000        4.02000
        402        4.02000        4.03000
        403        4.03000        4.04000
        404        4.04000        4.05000
        405        4.05000        4.06000
        406        4.06000        4.07000
        407        4.07000        4.08000
        408        4.08000        4.09000
        409        4.09000        4.10000
        410        4.10000        4.11000
        411        4.11000        4.12000
        412        4.12000        4.13000
        413        4.13000        4.14000
        414        4.14000        4.15000
        415        4.15000        4.16000
        416        4.16000        4.17000
        417        4.17000        4.18000
        418        4.18000        4.19000
        419        4.19000        4.20000
        420        4.20000        4.21000
        421        4.21000        4.22000
        422        4.22000        4.23000
        423        4.23000        4.24000
        424        4.24000        4.25000
        425        4.25000        4.26000
        426        4.26000        4.27000
        427        4.27000        4.28000
        428        4.28000        4.29000
        429        4.29000        4.30000
        430        4.30000        4.31000
        431        4.31000        4.32000
        432        4.32000        4.33000
        433        4.33000        4.34000
        434        4.34000        4.35000
        435        4.35000        4.36000
        436        4.36000        4.37000
        437        4.37000        4.38000
        438        4.38000        4.39000
        439        4.39000        4.40000
        440        4.40000        4.41000
        441        4.41000        4.42000
        442        4.42000        4.43000
        443        4.43000        4.44000
        444        4.44000        4.45000
        445        4.45000        4.46000
        446        4.46000        4.47000
        447        4.47000        4.48000
        448        4.48000        4.49000
        449        4.49000        4.50000
        450        4.50000        4.51000
        451        4.51000        4.52000
        452        4.52000        4.53000
        453        4.53000        4.54000
        454        4.54000        4.55000
        455        4.55000        4.56000
        456        4.56000        4.57000
        457        4.57000        4.58000
        458        4.58000        4.59000
        459        4.59000        4.60000
        460        4.60000        4.61000
        461        4.61000        4.62000
        462        4.62000        4.63000
        463        4.63000        4.64000
        464        4.64000        4.65000
        465        4.65000        4.66000
        466        4.66000        4.67000
        467        4.67000        4.68000
        468        4.68000        4.69000
        469        4.69000        4.70000
        470        4.70000        4.71000
        471        4.71000        4.72000
        472        4.72000        4.73000
        473        4.73000        4.74000
        474        4.74000        4.75000
        475        4.75000        4.76000
        476        4.76000        4.77000
        477        4.77000        4.78000
        478        4.78000        4.79000
        479        4.79000        4.80000
        480        4.80000        4.81000
        481        4.81000        4.82000
        482        4.82000        4.83000
        483        4.83000        4.84000
        484        4.84000        4.85000
        485        4.85000        4.86000
        486        4.86000        4.87000
        487        4.87000        4.88000
        488        4.88000        4.89000
        489        4.89000        4.90000
        490        4.90000        4.91000
        491        4.91000        4.92000
        492        4.92000        4.93000
        493        4.93000        4.94000
        494        4.94000        4.95000
        495        4.95000        4.96000
        496        4.96000        4.97000
        497        4.97000        4.98000
        498        4.98000        4.99000
        499        4.99000        5.00000
        500        5.00000        5.01000
        501        5.01000        5.02000
        502        5.02000        5.03000
        503        5.03000        5.04000
        504        5.04000        5.05000
        505        5.05000        5.06000
        506        5.06000        5.07000
        507        5.07000        5.08000
        508        5.08000        5.09000
        509        5.09000        5.10000
        510        5.10000        5.11000
        511        5.11000        5.12000
        512        5.12000        5.13000
        513        5.13000        5.14000
        514        5.14000        5.15000
        515        5.15000        5.16000
        516        5.16000        5.17000
        517        5.17000        5.18000
        518        5.18000        5.19000
        519        5.19000        5.20000
        520        5.20000        5.21000
        521        5.21000        5.22000
        522        5.22000        5.23000
        523        5.23000        5.24000
        524        5.24000        5.25000
        525        5.25000        5.26000
        526        5.26000        5.27000
        527        5.27000        5.28000
        528        5.28000        5.29000
        529        5.29000        5.30000
        530        5.30000        5.31000
        531        5.31000        5.32000
        532        5.32000        5.33000
        533        5.33000        5.34000
        534        5.34000        5.35000
        535        5.35000        5.36000
        536        5.36000        5.37000
        537        5.37000        5.38000
        538        5.38000        5.39000
        539        5.39000        5.40000
        540        5.40000        5.41000
        541        5.41000        5.42000
        542        5.42000        5.43000
        543        5.43000        5.44000
        544        5.44000        5.45000
        545        5.45000        5.46000
        546        5.46000        5.47000
        547        5.47000        5.48000
        548        5.48000        5.49000
        549        5.49000        5.50000
        550        5.50000        5.51000
        551        5.51000        5.52000
        552        5.52000        5.53000
        553        5.53000        5.54000
        554        5.54000        5.55000
        555        5.55000        5.56000
        556        5.56000        5.57000
        557        5.57000        5.58000
        558        5.58000        5.59000
        559        5.59000        5.60000
        560        5.60000        5.61000
        561        5.61000        5.62000
        562        5.62000        5.63000
        563        5.63000        5.64000
        564        5.64000        5.65000
        565        5.65000        5.66000
        566        5.66000        5.67000
        567        5.67000        5.68000
        568        5.68000        5.69000
        569        5.69000        5.70000
        570        5.70000        5.71000
        571        5.71000        5.72000
        572        5.72000        5.73000
        573        5.73000        5.74000
        574        5.74000        5.75000
        575        5.75000        5.76000
        576        5.76000        5.77000
        577        5.77000        5.78000
        578        5.78000        5.79000
        579        5.79000        5.80000
        580        5.80000        5.81000
        581        5.81000        5.82000
        582        5.82000        5.83000
        583        5.83000        5.84000
        584        5.84000        5.85000
        585        5.85000        5.86000
        586        5.86000        5.87000
        587        5.87000        5.88000
        588        5.88000        5.89000
        589        5.89000        5.90000
        590        5.90000        5.91000
        591        5.91000        5.92000
        592        5.92000        5.93000
        593        5.93000        5.94000
        594        5.94000        5.95000
        595        5.95000        5.96000
        596        5.96000        5.97000
        597        5.97000        5.98000
        598        5.98000        5.99000
        599        5.99000        6.00000
        600        6.00000        6.01000
        601        6.01000        6.02000
        602        6.02000        6.03000
        603        6.03000        6.04000
        604        6.04000        6.05000
        605        6.05000        6.06000
        606        6.06000        6.07000
        607        6.07000        6.08000
        608        6.08000        6.09000
        609        6.09000        6.10000
        610        6.10000        6.11000
        611        6.11000        6.12000
        612        6.12000        6.13000
        613        6.13000        6.14000
        614        6.14000        6.15000
        615        6.15000        6.16000
        616        6.16000        6.17000
        617        6.17000        6.18000
        618        6.18000        6.19000
        619        6.19000        6.20000
        620        6.20000        6.21000
        621        6.21000        6.22000
        622        6.22000        6.23000
        623        6.23000        6.24000
        624        6.24000        6.25000
        625        6.25000        6.26000
        626        6.26000        6.27000
        627        6.27000        6.28000
        628        6.28000        6.29000
        629        6.29000        6.30000
        630        6.30000        6.31000
        631        6.31000        6.32000
        632        6.32000        6.33000
        633        6.33000        6.34000
        634        6.34000        6.35000
        635        6.35000        6.36000
        636        6.36000        6.37000
        637        6.37000        6.38000
        638        6.38000        6.39000
        639        6.39000        6.40000
        640        6.40000        6.41000
        641        6.41000        6.42000
        642        6.42000        6.43000
        643        6.43000        6.44000
        644        6.44000        6.45000
        645        6.45000        6.46000
        646        6.46000        6.47000
        647        6.47000        6.48000
        648        6.48000        6.49000
        649        6.49000        6.50000
        650        6.50000        6.51000
        651        6.51000        6.52000
        652        6.52000        6.53000
        653        6.53000        6.54000
        654        6.54000        6.55000
        655        6.55000        6.56000
        656        6.56000        6.57000
        657        6.57000        6.58000
        658        6.58000        6.59000
        659        6.59000        6.60000
        660        6.60000        6.61000
        661        6.61000        6.62000
        662        6.62000        6.63000
        663        6.63000        6.64000
        664        6.64000        6.65000
        665        6.65000        6.66000
        666        6.66000        6.67000
        667        6.67000        6.68000
        668        6.68000        6.69000
        669        6.69000        6.70000
        670        6.70000        6.71000
        671        6.71000        6.72000
        672        6.72000        6.73000
        673        6.73000        6.74000
        674        6.74000        6.75000
        675        6.75000        6.76000
        676        6.76000        6.77000
        677        6.77000        6.78000
        678        6.78000        6.79000
        679        6.79000        6.80000
        680        6.80000        6.81000
        681        6.81000        6.82000
        682        6.82000        6.83000
        683        6.83000        6.84000
        684        6.84000        6.85000
        685        6.85000        6.86000
        686        6.86000        6.87000
        687        6.87000        6.88000
        688        6.88000        6.89000
        689        6.89000        6.90000
        690        6.90000        6.91000
        691        6.91000        6.92000
        692        6.92000        6.93000
        693        6.93000        6.94000
        694        6.94000        6.95000
        695        6.95000        6.96000
        696        6.96000        6.97000
        697        6.97000        6.98000
        698        6.98000        6.99000
        699        6.99000        7.00000
        700        7.00000        7.01000
        701        7.01000        7.02000
        702        7.02000        7.03000
        703        7.03000        7.04000
        704        7.04000        7.05000
        705        7.05000        7.06000
        706        7.06000        7.07000
        707        7.07000        7.08000
        708        7.08000        7.09000
        709        7.09000        7.10000
        710        7.10000        7.11000
        711        7.11000        7.12000
        712        7.12000        7.13000
        713        7.13000        7.14000
        714        7.14000        7.15000
        715        7.15000        7.16000
        716        7.16000        7.17000
        717        7.17000        7.18000
        718        7.18000        7.19000
        719        7.19000        7.20000
        720        7.20000        7.21000
        721        7.21000        7.22000
        722        7.22000        7.23000
        723        7.23000        7.24000
        724        7.24000        7.25000
        725        7.25000        7.26000
        726        7.26000        7.27000
        727        7.27000        7.28000
        728        7.28000        7.29000
        729        7.29000        7.30000
        730        7.30000        7.31000
        731        7.31000        7.32000
        732        7.32000        7.33000
        733        7.33000        7.34000
        734        7.34000        7.35000
        735        7.35000        7.36000
        736        7.36000        7.37000
        737        7.37000        7.38000
        738        7.38000        7.39000
        739        7.39000        7.40000
        740        7.40000        7.41000
        741        7.41000        7.42000
        742        7.42000        7.43000
        743        7.43000        7.44000
        744        7.44000        7.45000
        745        7.45000        7.46000
        746        7.46000        7.47000
        747        7.47000        7.48000
        748        7.48000        7.49000
        749        7.49000        7.50000
        750        7.50000        7.51000
        751        7.51000        7.52000
        752        7.52000        7.53000
        753        7.53000        7.54000
        754        7.54000        7.55000
        755        7.55000        7.56000
        756        7.56000        7.57000
        757        7.57000        7.58000
        758        7.58000        7.59000
        759        7.59000        7.60000
        760        7.60000        7.61000
        761        7.61000        7.62000
        762        7.62000        7.63000
        763        7.63000        7.64000
        764        7.64000        7.65000
        765        7.65000        7.66000
        766        7.66000        7.67000
        767        7.67000        7.68000
        768        7.68000        7.69000
        769        7.69000        7.70000
        770        7.70000        7.71000
        771        7.71000        7.72000
        772        7.72000        7.73000
        773        7.73000        7.74000
        774        7.74000        7.75000
        775        7.75000        7.76000
        776        7.76000        7.77000
        777        7.77000        7.78000
        778        7.78000        7.79000
        779        7.79000        7.80000
        780        7.80000        7.81000
        781        7.81000        7.82000
        782        7.82000        7.83000
        783        7.83000        7.84000
        784        7.84000        7.85000
        785        7.85000        7.86000
        786        7.86000        7.87000
        787        7.87000        7.88000
        788        7.88000        7.89000
        789        7.89000        7.90000
        790        7.90000        7.91000
        791        7.91000        7.92000
        792        7.92000        7.93000
        793        7.93000        7.94000
        794        7.94000        7.95000
        795        7.95000        7.96000
        796        7.96000        7.97000
        797        7.97000        7.98000
        798        7.98000        7.99000
        799        7.99000        8.00000
        800        8.00000        8.01000
        801        8.01000        8.02000
        802        8.02000        8.03000
        803        8.03000        8.04000
        804        8.04000        8.05000
        805        8.05000        8.06000
        806        8.06000        8.07000
        807        8.07000        8.08000
        808        8.08000        8.09000
        809        8.09000        8.10000
        810        8.10000        8.11000
        811        8.11000        8.12000
        812        8.12000        8.13000
        813        8.13000        8.14000
        814        8.14000        8.15000
        815        8.15000        8.16000
        816        8.16000        8.17000
        817        8.17000        8.18000
        818        8.18000        8.19000
        819        8.19000        8.20000
        820        8.20000        8.21000
        821        8.21000        8.22000
        822        8.22000        8.23000
        823        8.23000        8.24000
        824        8.24000        8.25000
        825        8.25000        8.26000
        826        8.26000        8.27000
        827        8.27000        8.28000
        828        8.28000        8.29000
        829        8.29000        8.30000
        830        8.30000        8.31000
        831        8.31000        8.32000
        832        8.32000        8.33000
        833        8.33000        8.34000
        834        8.34000        8.35000
        835        8.35000        8.36000
        836        8.36000        8.37000
        837        8.37000        8.38000
        838        8.38000        8.39000
        839        8.39000        8.40000
        840        8.40000        8.41000
        841        8.41000        8.42000
        842        8.42000        8.43000
        843        8.43000        8.44000
        844        8.44000        8.45000
        845        8.45000        8.46000
        846        8.46000        8.47000
        847        8.47000        8.48000
        848        8.48000        8.49000
        849        8.49000        8.50000
        850        8.50000        8.51000
        851        8.51000        8.52000
        852        8.52000        8.53000
        853        8.53000        8.54000
        854        8.54000        8.55000
        855        8.55000        8.56000
        856        8.56000        8.57000
        857        8.57000        8.58000
        858        8.58000        8.59000
        859        8.59000        8.60000
        860        8.60000        8.61000
        861        8.61000        8.62000
        862        8.62000        8.63000
        863        8.63000        8.64000
        864        8.64000        8.65000
        865        8.65000        8.66000
        866        8.66000        8.67000
        867        8.67000        8.68000
        868        8.68000        8.69000
        869        8.69000        8.70000
        870        8.70000        8.71000
        871        8.71000        8.72000
        872        8.72000        8.73000
        873        8.73000        8.74000
        874        8.74000        8.75000
        875        8.75000        8.76000
        876        8.76000        8.77000
        877        8.77000        8.78000
        878        8.78000        8.79000
        879        8.79000        8.80000
        880        8.80000        8.81000
        881        8.81000        8.82000
        882        8.82000        8.83000
        883        8.83000        8.84000
        884        8.84000        8.85000
        885        8.85000        8.86000
        886        8.86000        8.87000
        887        8.87000        8.88000
        888        8.88000        8.89000
        889        8.89000        8.90000
        890        8.90000        8.91000
        891        8.91000        8.92000
        892        8.92000        8.93000
        893        8.93000        8.94000
        894        8.94000        8.95000
        895        8.95000        8.96000
        896        8.96000        8.97000
        897        8.97000        8.98000
        898        8.98000        8.99000
        899        8.99000        9.00000
        900        9.00000        9.01000
        901        9.01000        9.02000
        902        9.02000        9.03000
        903        9.03000        9.04000
        904        9.04000        9.05000
        905        9.05000        9.06000
        906        9.06000        9.07000
        907        9.07000        9.08000
        908        9.08000        9.09000
        909        9.09000        9.10000
        910        9.10000        9.11000
        911        9.11000        9.12000
        912        9.12000        9.13000
        913        9.13000        9.14000
        914        9.14000        9.15000
        915        9.15000        9.16000
        916        9.16000        9.17000
        917        9.17000        9.18000
        918        9.18000        9.19000
        919        9.19000        9.20000
        920        9.20000        9.21000
        921        9.21000        9.22000
        922        9.22000        9.23000
        923        9.23000        9.24000
        924        9.24000        9.25000
        925        9.25000        9.26000
        926        9.26000        9.27000
        927        9.27000        9.28000
        928        9.28000        9.29000
        929        9.29000        9.30000
        930        9.30000        9.31000
        931        9.31000        9.32000
        932        9.32000        9.33000
        933        9.33000        9.34000
        934        9.34000        9.35000
        935        9.35000        9.36000
        936        9.36000        9.37000
        937        9.37000        9.38000
        938        9.38000        9.39000
        939        9.39000        9.40000
        940        9.40000        9.41000
        941        9.41000        9.42000
        942        9.42000        9.43000
        943        9.43000        9.44000
        944        9.44000        9.45000
        945        9.45000        9.46000
        946        9.46000        9.47000
        947        9.47000        9.48000
        948        9.48000        9.49000
        949        9.49000        9.50000
        950        9.50000        9.51000
        951        9.51000        9.52000
        952        9.52000        9.53000
        953        9.53000        9.54000
        954        9.54000        9.55000
        955        9.55000        9.56000
        956        9.56000        9.57000
        957        9.57000        9.58000
        958        9.58000        9.59000
        959        9.59000        9.60000
        960        9.60000        9.61000
        961        9.61000        9.62000
        962        9.62000        9.63000
        963        9.63000        9.64000
        964        9.64000        9.65000
        965        9.65000        9.66000
        966        9.66000        9.67000
        967        9.67000        9.68000
        968        9.68000        9.69000
        969        9.69000        9.70000
        970        9.70000        9.71000
        971        9.71000        9.72000
        972        9.72000        9.73000
        973        9.73000        9.74000
        974        9.74000        9.75000
        975        9.75000        9.76000
        976        9.76000        9.77000
        977        9.77000        9.78000
        978        9.78000        9.79000
        979        9.79000        9.80000
        980        9.80000        9.81000
        981        9.81000        9.82000
        982        9.82000        9.83000
        983        9.83000        9.84000
        984        9.84000        9.85000
        985        9.85000        9.86000
        986        9.86000        9.87000
        987        9.87000        9.88000
        988        9.88000        9.89000
        989        9.89000        9.90000
        990        9.90000        9.91000
        991        9.91000        9.92000
        992        9.92000        9.93000
        993        9.93000        9.94000
        994        9.94000        9.95000
        995        9.95000        9.96000
        996        9.96000        9.97000
        997        9.97000        9.98000
        998        9.98000        9.99000
        999        9.99000        10.0000
       1000        10.0000        10.0100
       1001        10.0100        10.0200
       1002        10.0200        10.0300
       1003        10.0300        10.0400
       1004        10.0400        10.0500
       1005        10.0500        10.0600
       1006        10.0600        10.0700
       1007        10.0700        10.0800
       1008        10.0800        10.0900
       1009        10.0900        10.1000
       1010        10.1000        10.1100
       1011        10.1100        10.1200
       1012        10.1200        10.1300
       1013        10.1300        10.1400
       1014        10.1400        10.1500
       1015        10.1500        10.1600
       1016        10.1600        10.1700
       1017        10.1700        10.1800
       1018        10.1800        10.1900
       1019        10.1900        10.2000
       1020        10.2000        10.2100
       1021        10.2100        10.2200
       1022        10.2200        10.2300
       1023        10.2300        10.2400
       1024        10.2400        10.2500
       1025        10.2500        10.2600
       1026        10.2600        10.2700
       1027        10.2700        10.2800
       1028        10.2800        10.2900
       1029        10.2900        10.3000
       1030        10.3000        10.3100
       1031        10.3100        10.3200
       1032        10.3200        10.3300
       1033        10.3300        10.3400
       1034        10.3400        10.3500
       1035        10.3500        10.3600
       1036        10.3600        10.3700
       1037        10.3700        10.3800
       1038        10.3800        10.3900
       1039        10.3900        10.4000
       1040        10.4000        10.4100
       1041        10.4100        10.4200
       1042        10.4200        10.4300
       1043        10.4300        10.4400
       1044        10.4400        10.4500
       1045        10.4500        10.4600
       1046        10.4600        10.4700
       1047        10.4700        10.4800
       1048        10.4800        10.4900
       1049        10.4900        10.5000
       1050        10.5000        10.5100
       1051        10.5100        10.5200
       1052        10.5200        10.5300
       1053        10.5300        10.5400
       1054        10.5400        10.5500
       1055        10.5500        10.5600
       1056        10.5600        10.5700
       1057        10.5700        10.5800
       1058        10.5800        10.5900
       1059        10.5900        10.6000
       1060        10.6000        10.6100
       1061        10.6100        10.6200
       1062        10.6200        10.6300
       1063        10.6300        10.6400
       1064        10.6400        10.6500
       1065        10.6500        10.6600
       1066        10.6600        10.6700
       1067        10.6700        10.6800
       1068        10.6800        10.6900
       1069        10.6900        10.7000
       1070        10.7000        10.7100
       1071        10.7100        10.7200
       1072        10.7200        10.7300
       1073        10.7300        10.7400
       1074        10.7400        10.7500
       1075        10.7500        10.7600
       1076        10.7600        10.7700
       1077        10.7700        10.7800
       1078        10.7800        10.7900
       1079        10.7900        10.8000
       1080        10.8000        10.8100
       1081        10.8100        10.8200
       1082        10.8200        10.8300
       1083        10.8300        10.8400
       1084        10.8400        10.8500
       1085        10.8500        10.8600
       1086        10.8600        10.8700
       1087        10.8700        10.8800
       1088        10.8800        10.8900
       1089        10.8900        10.9000
       1090        10.9000        10.9100
       1091        10.9100        10.9200
       1092        10.9200        10.9300
       1093        10.9300        10.9400
       1094        10.9400        10.9500
       1095        10.9500        10.9600
       1096        10.9600        10.9700
       1097        10.9700        10.9800
       1098        10.9800        10.9900
       1099        10.9900        11.0000
       1100        11.0000        11.0100
       1101        11.0100        11.0200
       1102        11.0200        11.0300
       1103        11.0300        11.0400
       1104        11.0400        11.0500
       1105        11.0500        11.0600
       1106        11.0600        11.0700
       1107        11.0700        11.0800
       1108        11.0800        11.0900
       1109        11.0900        11.1000
       1110        11.1000        11.1100
       1111        11.1100        11.1200
       1112        11.1200        11.1300
       1113        11.1300        11.1400
       1114        11.1400        11.1500
       1115        11.1500        11.1600
       1116        11.1600        11.1700
       1117        11.1700        11.1800
       1118        11.1800        11.1900
       1119        11.1900        11.2000
       1120        11.2000        11.2100
       1121        11.2100        11.2200
       1122        11.2200        11.2300
       1123        11.2300        11.2400
       1124        11.2400        11.2500
       1125        11.2500        11.2600
       1126        11.2600        11.2700
       1127        11.2700        11.2800
       1128        11.2800        11.2900
       1129        11.2900        11.3000
       1130        11.3000        11.3100
       1131        11.3100        11.3200
       1132        11.3200        11.3300
       1133        11.3300        11.3400
       1134        11.3400        11.3500
       1135        11.3500        11.3600
       1136        11.3600        11.3700
       1137        11.3700        11.3800
       1138        11.3800        11.3900
       1139        11.3900        11.4000
       1140        11.4000        11.4100
       1141        11.4100        11.4200
       1142        11.4200        11.4300
       1143        11.4300        11.4400
       1144        11.4400        11.4500
       1145        11.4500        11.4600
       1146        11.4600        11.4700
       1147        11.4700        11.4800
       1148        11.4800        11.4900
       1149        11.4900        11.5000
       1150        11.5000        11.5100
       1151        11.5100        11.5200
       1152        11.5200        11.5300
       1153        11.5300        11.5400
       1154        11.5400        11.5500
       1155        11.5500        11.5600
       1156        11.5600        11.5700
       1157        11.5700        11.5800
       1158        11.5800        11.5900
       1159        11.5900        11.6000
       1160        11.6000        11.6100
       1161        11.6100        11.6200
       1162        11.6200        11.6300
       1163        11.6300        11.6400
       1164        11.6400        11.6500
       1165        11.6500        11.6600
       1166        11.6600        11.6700
       1167        11.6700        11.6800
       1168        11.6800        11.6900
       1169        11.6900        11.7000
       1170        11.7000        11.7100
       1171        11.7100        11.7200
       1172        11.7200        11.7300
       1173        11.7300        11.7400
       1174        11.7400        11.7500
       1175        11.7500        11.7600
       1176        11.7600        11.7700
       1177        11.7700        11.7800
       1178        11.7800        11.7900
       1179        11.7900        11.8000
       1180        11.8000        11.8100
       1181        11.8100        11.8200
       1182        11.8200        11.8300
       1183        11.8300        11.8400
       1184        11.8400        11.8500
       1185        11.8500        11.8600
       1186        11.8600        11.8700
       1187        11.8700        11.8800
       1188        11.8800        11.8900
       1189        11.8900        11.9000
       1190        11.9000        11.9100
       1191        11.9100        11.9200
       1192        11.9200        11.9300
       1193        11.9300        11.9400
       1194        11.9400        11.9500
       1195        11.9500        11.9600
       1196        11.9600        11.9700
       1197        11.9700        11.9800
       1198        11.9800        11.9900
       1199        11.9900        12.0000
       1200        12.0000        12.0100
       1201        12.0100        12.0200
       1202        12.0200        12.0300
       1203        12.0300        12.0400
       1204        12.0400        12.0500
       1205        12.0500        12.0600
       1206        12.0600        12.0700
       1207        12.0700        12.0800
       1208        12.0800        12.0900
       1209        12.0900        12.1000
       1210        12.1000        12.1100
       1211        12.1100        12.1200
       1212        12.1200        12.1300
       1213        12.1300        12.1400
       1214        12.1400        12.1500
       1215        12.1500        12.1600
       1216        12.1600        12.1700
       1217        12.1700        12.1800
       1218        12.1800        12.1900
       1219        12.1900        12.2000
       1220        12.2000        12.2100
       1221        12.2100        12.2200
       1222        12.2200        12.2300
       1223        12.2300        12.2400
       1224        12.2400        12.2500
       1225        12.2500        12.2600
       1226        12.2600        12.2700
       1227        12.2700        12.2800
       1228        12.2800        12.2900
       1229        12.2900        12.3000
       1230        12.3000        12.3100
       1231        12.3100        12.3200
       1232        12.3200        12.3300
       1233        12.3300        12.3400
       1234        12.3400        12.3500
       1235        12.3500        12.3600
       1236        12.3600        12.3700
       1237        12.3700        12.3800
       1238        12.3800        12.3900
       1239        12.3900        12.4000
       1240        12.4000        12.4100
       1241        12.4100        12.4200
       1242        12.4200        12.4300
       1243        12.4300        12.4400
       1244        12.4400        12.4500
       1245        12.4500        12.4600
       1246        12.4600        12.4700
       1247        12.4700        12.4800
       1248        12.4800        12.4900
       1249        12.4900        12.5000
       1250        12.5000        12.5100
       1251        12.5100        12.5200
       1252        12.5200        12.5300
       1253        12.5300        12.5400
       1254        12.5400        12.5500
       1255        12.5500        12.5600
       1256        12.5600        12.5700
       1257        12.5700        12.5800
       1258        12.5800        12.5900
       1259        12.5900        12.6000
       1260        12.6000        12.6100
       1261        12.6100        12.6200
       1262        12.6200        12.6300
       1263        12.6300        12.6400
       1264        12.6400        12.6500
       1265        12.6500        12.6600
       1266        12.6600        12.6700
       1267        12.6700        12.6800
       1268        12.6800        12.6900
       1269        12.6900        12.7000
       1270        12.7000        12.7100
       1271        12.7100        12.7200
       1272        12.7200        12.7300
       1273        12.7300        12.7400
       1274        12.7400        12.7500
       1275        12.7500        12.7600
       1276        12.7600        12.7700
       1277        12.7700        12.7800
       1278        12.7800        12.7900
       1279        12.7900        12.8000
       1280        12.8000        12.8100
       1281        12.8100        12.8200
       1282        12.8200        12.8300
       1283        12.8300        12.8400
       1284        12.8400        12.8500
       1285        12.8500        12.8600
       1286        12.8600        12.8700
       1287        12.8700        12.8800
       1288        12.8800        12.8900
       1289        12.8900        12.9000
       1290        12.9000        12.9100
       1291        12.9100        12.9200
       1292        12.9200        12.9300
       1293        12.9300        12.9400
       1294        12.9400        12.9500
       1295        12.9500        12.9600
       1296        12.9600        12.9700
       1297        12.9700        12.9800
       1298        12.9800        12.9900
       1299        12.9900        13.0000
       1300        13.0000        13.0100
       1301        13.0100        13.0200
       1302        13.0200        13.0300
       1303        13.0300        13.0400
       1304        13.0400        13.0500
       1305        13.0500        13.0600
       1306        13.0600        13.0700
       1307        13.0700        13.0800
       1308        13.0800        13.0900
       1309        13.0900        13.1000
       1310        13.1000        13.1100
       1311        13.1100        13.1200
       1312        13.1200        13.1300
       1313        13.1300        13.1400
       1314        13.1400        13.1500
       1315        13.1500        13.1600
       1316        13.1600        13.1700
       1317        13.1700        13.1800
       1318        13.1800        13.1900
       1319        13.1900        13.2000
       1320        13.2000        13.2100
       1321        13.2100        13.2200
       1322        13.2200        13.2300
       1323        13.2300        13.2400
       1324        13.2400        13.2500
       1325        13.2500        13.2600
       1326        13.2600        13.2700
       1327        13.2700        13.2800
       1328        13.2800        13.2900
       1329        13.2900        13.3000
       1330        13.3000        13.3100
       1331        13.3100        13.3200
       1332        13.3200        13.3300
       1333        13.3300        13.3400
       1334        13.3400        13.3500
       1335        13.3500        13.3600
       1336        13.3600        13.3700
       1337        13.3700        13.3800
       1338        13.3800        13.3900
       1339        13.3900        13.4000
       1340        13.4000        13.4100
       1341        13.4100        13.4200
       1342        13.4200        13.4300
       1343        13.4300        13.4400
       1344        13.4400        13.4500
       1345        13.4500        13.4600
       1346        13.4600        13.4700
       1347        13.4700        13.4800
       1348        13.4800        13.4900
       1349        13.4900        13.5000
       1350        13.5000        13.5100
       1351        13.5100        13.5200
       1352        13.5200        13.5300
       1353        13.5300        13.5400
       1354        13.5400        13.5500
       1355        13.5500        13.5600
       1356        13.5600        13.5700
       1357        13.5700        13.5800
       1358        13.5800        13.5900
       1359        13.5900        13.6000
       1360        13.6000        13.6100
       1361        13.6100        13.6200
       1362        13.6200        13.6300
       1363        13.6300        13.6400
       1364        13.6400        13.6500
       1365        13.6500        13.6600
       1366        13.6600        13.6700
       1367        13.6700        13.6800
       1368        13.6800        13.6900
       1369        13.6900        13.7000
       1370        13.7000        13.7100
       1371        13.7100        13.7200
       1372        13.7200        13.7300
       1373        13.7300        13.7400
       1374        13.7400        13.7500
       1375        13.7500        13.7600
       1376        13.7600        13.7700
       1377        13.7700        13.7800
       1378        13.7800        13.7900
       1379        13.7900        13.8000
       1380        13.8000        13.8100
       1381        13.8100        13.8200
       1382        13.8200        13.8300
       1383        13.8300        13.8400
       1384        13.8400        13.8500
       1385        13.8500        13.8600
       1386        13.8600        13.8700
       1387        13.8700        13.8800
       1388        13.8800        13.8900
       1389        13.8900        13.9000
       1390        13.9000        13.9100
       1391        13.9100        13.9200
       1392        13.9200        13.9300
       1393        13.9300        13.9400
       1394        13.9400        13.9500
       1395        13.9500        13.9600
       1396        13.9600        13.9700
       1397        13.9700        13.9800
       1398        13.9800        13.9900
       1399        13.9900        14.0000
       1400        14.0000        14.0100
       1401        14.0100        14.0200
       1402        14.0200        14.0300
       1403        14.0300        14.0400
       1404        14.0400        14.0500
       1405        14.0500        14.0600
       1406        14.0600        14.0700
       1407        14.0700        14.0800
       1408        14.0800        14.0900
       1409        14.0900        14.1000
       1410        14.1000        14.1100
       1411        14.1100        14.1200
       1412        14.1200        14.1300
       1413        14.1300        14.1400
       1414        14.1400        14.1500
       1415        14.1500        14.1600
       1416        14.1600        14.1700
       1417        14.1700        14.1800
       1418        14.1800        14.1900
       1419        14.1900        14.2000
       1420        14.2000        14.2100
       1421        14.2100        14.2200
       1422        14.2200        14.2300
       1423        14.2300        14.2400
       1424        14.2400        14.2500
       1425        14.2500        14.2600
       1426        14.2600        14.2700
       1427        14.2700        14.2800
       1428        14.2800        14.2900
       1429        14.2900        14.3000
       1430        14.3000        14.3100
       1431        14.3100        14.3200
       1432        14.3200        14.3300
       1433        14.3300        14.3400
       1434        14.3400        14.3500
       1435        14.3500        14.3600
       1436        14.3600        14.3700
       1437        14.3700        14.3800
       1438        14.3800        14.3900
       1439        14.3900        14.4000
       1440        14.4000        14.4100
       1441        14.4100        14.4200
       1442        14.4200        14.4300
       1443        14.4300        14.4400
       1444        14.4400        14.4500
       1445        14.4500        14.4600
       1446        14.4600        14.4700
       1447        14.4700        14.4800
       1448        14.4800        14.4900
       1449        14.4900        14.5000
       1450        14.5000        14.5100
       1451        14.5100        14.5200
       1452        14.5200        14.5300
       1453        14.5300        14.5400
       1454        14.5400        14.5500
       1455        14.5500        14.5600
       1456        14.5600        14.5700
       1457        14.5700        14.5800
       1458        14.5800        14.5900
       1459        14.5900        14.6000
       1460        14.6000        14.6100
       1461        14.6100        14.6200
       1462        14.6200        14.6300
       1463        14.6300        14.6400
       1464        14.6400        14.6500
       1465        14.6500        14.6600
       1466        14.6600        14.6700
       1467        14.6700        14.6800
       1468        14.6800        14.6900
       1469        14.6900        14.7000
       1470        14.7000        14.7100
       1471        14.7100        14.7200
       1472        14.7200        14.7300
       1473        14.7300        14.7400
       1474        14.7400        14.7500
       1475        14.7500        14.7600
       1476        14.7600        14.7700
       1477        14.7700        14.7800
       1478        14.7800        14.7900
       1479        14.7900        14.8000
       1480        14.8000        14.8100
       1481        14.8100        14.8200
       1482        14.8200        14.8300
       1483        14.8300        14.8400
       1484        14.8400        14.8500
       1485        14.8500        14.8600
       1486        14.8600        14.8700
       1487        14.8700        14.8800
       1488        14.8800        14.8900
       1489        14.8900        14.9000
       1490        14.9000        14.9100
       1491        14.9100        14.9200
       1492        14.9200        14.9300
       1493        14.9300        14.9400
       1494        14.9400        14.9500
       1495        14.9500        14.9600
       1496        14.9600        14.9700
       1497        14.9700        14.9800
       1498        14.9800        14.9900
       1499        14.9900        15.0000
       1500        15.0000        15.0100
