   0.228585321943453845E+001   0.153689887838772936E+002   0.391726530590487898E+000   0.520976318086154966E+000  -0.148506381505620261E+000   0.108246572062976720E+001   0.225589598536801550E+000   0.606099808559523723E+001  -0.680382662159851603E-001   0.147348496380004201E+001   0.682506293205475512E+000  -0.825189703569332632E+005  -0.981671356180421135E+005   1
   0.196388094935857027E+001   0.143401149046216787E+002   0.451825674837702473E+000   0.523819071995739627E+000  -0.887372354203601055E-001   0.134713514016359781E+001   0.186900040877793272E+000   0.610656647018126009E+001   0.317023073592865301E-001   0.163216855828947538E+001   0.286877229730865380E+000  -0.734619133875624830E+005  -0.975924229078382632E+005   1
   0.196915496622749742E+001   0.149042902849913794E+002   0.355987247914360871E+000   0.669440441682065401E+000  -0.825387762902257127E-001   0.123046573625013456E+001   0.111857857865231475E+000   0.615321788047579510E+001   0.941043693053145169E-001   0.220466847025726675E+001   0.237823584622422868E+000  -0.646835101512851688E+005  -0.958477298810713983E+005   1
   0.217066682194018545E+001   0.129914895310042766E+002   0.453087053472023160E+000   0.527197455732814180E+000  -0.720402225825803044E-001   0.979207654223197221E+000   0.236775538440803540E+000   0.611984591786624677E+001  -0.612138512469894980E-001   0.186873991612381940E+001   0.268530804532861045E+000  -0.800728926292659598E+005  -0.956654901941096905E+005   1
   0.215217764714574411E+001   0.122986103741698667E+002   0.395498343785798956E+000   0.601467232969506327E+000  -0.136373303411000180E+000   0.897080978847496269E+000   0.227908957951276192E+000   0.616427248347431167E+001  -0.130560579834359258E+000   0.135779330464739845E+001   0.128534409362180441E+000  -0.782736030330673093E+005  -0.907537659838250256E+005   1
   0.154775635482110596E+001   0.112124139213626055E+002   0.315441089147301734E+000   0.519155236861997826E+000  -0.101314299145236014E+000   0.145128930888879570E+001   0.192338027646150878E+000   0.609629535047119742E+001  -0.456907475109021022E-001   0.218264055274661573E+001   0.307000803797265132E+000  -0.832478884048925829E+005  -0.102715172827942457E+006   1
   0.155771118053105107E+001   0.131817295926085212E+002   0.342965685846718493E+000   0.524587888595538954E+000  -0.832789421952081499E-001   0.105564738200390118E+001   0.183647618671849228E+000   0.604701200068734490E+001  -0.209489466307288263E-001   0.220738579762426346E+001   0.716449791878914999E+000  -0.766446417483120458E+005  -0.962090619517214509E+005   1
   0.179529698150898964E+001   0.114102519045742739E+002   0.366264028645541362E+000   0.180160201031936168E+000  -0.815018316214348726E-001   0.112135489854458981E+001   0.305500902477737479E+000   0.607102159370850458E+001  -0.729971651791679055E-001   0.260728190242993252E+001   0.108394320882478779E+001  -0.741194835888537928E+005  -0.949515647109165147E+005   1
   0.179186177498102683E+001   0.152821943066665185E+002   0.454756167612711981E+000   0.629952114144021746E+000  -0.107358762206002406E+000   0.529125818664185621E+000   0.260403754084963190E+000   0.608696947300267777E+001   0.984389279365263659E-001   0.188343055021022399E+001   0.585906004793445123E+000  -0.774763351419335813E+005  -0.900077077593281865E+005   1
   0.216232362861962280E+001   0.131836217668741273E+002   0.367919815310615794E+000   0.107116846001472379E+000  -0.945944238363784218E-001   0.590074695604660526E+000   0.213727000790435023E+000   0.611386320607101830E+001  -0.975989536660455403E-001   0.223239540145873105E+001   0.468577518753253430E+000  -0.799927069972898753E+005  -0.899927309265265358E+005   1
   0.265867651278333295E+001   0.150648104213514173E+002   0.398284548254826731E+000   0.640528665768456462E+000  -0.142409793962621462E+000   0.981434973622599682E+000   0.184919212875407885E+000   0.612309116472088810E+001  -0.118027596379109423E+000   0.173902541912286401E+001   0.345598618698630844E+000  -0.811474462830534176E+005  -0.882628524381567986E+005   1
   0.161267502105530469E+001   0.133995348803299414E+002   0.457469956354370821E+000   0.435903214763223912E+000  -0.701057662647574520E-001   0.140041466102884060E+001   0.192767326921462728E+000   0.608923940884515158E+001  -0.196324523687665509E+000   0.232105491715730228E+001   0.255084632929645561E+000  -0.813377441734507156E+005  -0.877242222228466853E+005   1
   0.233083227249874136E+001   0.157270396978129696E+002   0.337087316900389067E+000   0.292597987400492254E+000  -0.783384961237215127E-001   0.108704764727008896E+001   0.158361425588433996E+000   0.606763379722960217E+001  -0.101629567941878690E+000   0.253720387717208373E+001   0.784841249094341387E+000  -0.785349942404849571E+005  -0.875092044509909028E+005   1
   0.232020392782291740E+001   0.136943507428045894E+002   0.363053915919460679E+000   0.766135453323755655E+000  -0.745935833530123049E-001   0.925323803884376406E+000   0.211308922839069241E+000   0.618510982317957136E+001  -0.122735267844935270E+000   0.237865436729784152E+001   0.272586561701429364E+000  -0.755049861447956500E+005  -0.872207936108705035E+005   1
   0.211376521864184408E+001   0.125551133175213288E+002   0.381779451307298845E+000   0.406545661274666958E+000  -0.836669804942797302E-001   0.924446506889993080E+000   0.188682399724631161E+000   0.613562105635949884E+001   0.495140831659864333E-001   0.208080438578115690E+001   0.453923129407933168E+000  -0.756336417851827864E+005  -0.870242063511614106E+005   1
   0.214809319821449618E+001   0.135114771576011101E+002   0.427494281830815948E+000   0.529042109396038573E+000  -0.944605532180121665E-001   0.634449764721560339E+000   0.289815411602176720E+000   0.612240115903619397E+001  -0.297463091412494274E-001   0.131386767837170493E+001   0.619970718394583786E-001  -0.830809159393768787E+005  -0.867417124812312686E+005   1
   0.215301383005492619E+001   0.136656324560986722E+002   0.414654771752157703E+000   0.272544820425107748E+000  -0.403321448491257839E-001   0.578144335110803542E+000   0.287768921007179435E+000   0.609034540052877382E+001   0.912475889816937169E-001   0.221338487061885969E+001   0.732852232624758182E+000  -0.801799551820203778E+005  -0.865129030514126789E+005   1
   0.214550637874649341E+001   0.129942892781860611E+002   0.402595701450671861E+000   0.706333198753450353E+000  -0.176408342728690992E+000   0.119778997648152030E+001   0.194837271463277228E+000   0.616710467614608948E+001  -0.156102957245954244E+000   0.161522123541036255E+001   0.465703823519097226E+000  -0.851323712348128029E+005  -0.864015185829595866E+005   1
   0.178415298847281911E+001   0.106676666932142048E+002   0.454893360582795170E+000   0.319100063025515635E+000  -0.912320103903383472E-001   0.109791715286648972E+001   0.343140906490584652E+000   0.612859975300541393E+001  -0.179974483139390018E+000   0.226883014806161487E+001   0.776403802283251454E+000  -0.751327664017051866E+005  -0.860057590337166912E+005   1
   0.175852778126364129E+001   0.133848142800261787E+002   0.335702766552454457E+000   0.883439626958336777E+000  -0.105938809755124819E+000   0.936354985154904340E+000   0.197541968000093243E+000   0.609990328275587146E+001   0.653349469897695267E+000   0.162870742945791114E+001   0.140925313541855834E+000  -0.834935067095085105E+005  -0.966996006964650151E+005   1
   0.207743108739898918E+001   0.129784614667167020E+002   0.369311546082860043E+000   0.616200124943586669E+000  -0.108457413808273034E+000   0.124703735183498865E+001   0.119684350797661668E+000   0.621097963009547005E+001   0.514585633688968147E+000   0.200177785947404141E+001   0.335796087607335703E-001  -0.685962428628951311E+005  -0.914144211217870761E+005   1
   0.146643214913403752E+001   0.128276749502076974E+002   0.252411831158980804E+000   0.355531878584186667E+000  -0.614740254919283746E-001   0.861419963020290891E+000   0.190961143763477892E+000   0.599990778377412060E+001  -0.803589209199921939E-001   0.228916084834497280E+001   0.673423764108503464E+000  -0.824848912679305649E+005  -0.864048875539418223E+005   1
   0.229941494548282144E+001   0.150695770800988669E+002   0.469854510514758072E+000   0.510031571542202022E+000  -0.657677393042354619E-001   0.116197605915911106E+001   0.178821901787651477E+000   0.617857380154324787E+001  -0.142498919639462873E+000   0.204894788960589613E+001   0.241182700538617539E+000  -0.629728015778014451E+005  -0.859594280199070054E+005   1
   0.206488817105107092E+001   0.129931596992036145E+002   0.504970587520847225E+000   0.235275780902063469E+000  -0.915375477422397110E-001   0.105027816085682102E+001   0.207200900762982670E+000   0.619039665697298691E+001   0.140963117689505146E+000   0.247422003050706296E+001   0.408865072429109577E+000  -0.731782350588667323E+005  -0.859388424538611871E+005   1
   0.152699729347737856E+001   0.968213154689685851E+001   0.505357716885116881E+000   0.828157537518715292E-001  -0.444915740911167035E-001   0.116889230636636010E+001   0.316761581000699788E+000   0.612070866440611994E+001  -0.105424852874441449E+000   0.239081871685542513E+001   0.660954469533244104E+000  -0.758885630989526398E+005  -0.855516676452939864E+005   1
   0.181184513287135340E+001   0.145154097295303721E+002   0.380513789369767430E+000   0.410793589294640604E+000  -0.123263518217751777E+000   0.761654462108833918E+000   0.328276389011508463E+000   0.599441528824150893E+001  -0.643989728733900813E-001   0.168229098994037263E+001   0.989460514609265318E+000  -0.832920899162199348E+005  -0.853281605060877482E+005   1
   0.150649901834978373E+001   0.126995682557699627E+002   0.397129187892456881E+000   0.892800314719348620E+000  -0.133033653835531451E+000   0.683677528147015989E+000   0.222276262681700726E+000   0.611789146248544569E+001   0.218471444749164578E+000   0.217266472959512713E+001   0.593802935434390722E-001  -0.828913195539279259E+005  -0.996671910790710826E+005   1
   0.208616154491155736E+001   0.110388753303058813E+002   0.383707365256171440E+000   0.636606888309295238E+000  -0.156733146098465836E+000   0.664996484755308592E+000   0.269018069294881979E+000   0.617767385031458716E+001  -0.149024662443317579E+000   0.213499247178061369E+001   0.159339080292686675E+000  -0.823227575866265688E+005  -0.986460530194410530E+005   1
   0.171139046788038396E+001   0.140927381564682932E+002   0.312549771918912811E+000   0.831857347364955646E+000  -0.677471068739597948E-001   0.110614620940067310E+001   0.101366611483777583E+000   0.617926184980685633E+001  -0.170363731561718357E+000   0.240655930278281671E+001   0.206385642045207263E+000  -0.667159534810192417E+005  -0.912455640519519366E+005   1
   0.182642929546649357E+001   0.136184417671780018E+002   0.322287906159629545E+000   0.783250056820414486E+000  -0.138059125002342464E-001   0.873532454125925062E+000   0.119520380234947945E+000   0.614647183837056410E+001  -0.198267990452370091E+000   0.261805311317641864E+001   0.142083564325180600E+000  -0.832710427556585055E+005  -0.906679963048847858E+005   1
   0.158826571381825676E+001   0.121458163696167993E+002   0.351550052011136649E+000   0.922605560081976583E+000  -0.102468208625417140E+000   0.116811539924647700E+001   0.229169049324359581E+000   0.612896239653334263E+001  -0.227805717355586967E+000   0.214334227332680793E+001   0.319371563730348140E+000  -0.797824578153657349E+005  -0.929726689290343784E+005   1
   0.158217769558598254E+001   0.101246262878963655E+002   0.358367910275278201E+000   0.883079701036528775E+000  -0.886217894224612390E-001   0.138026952814270598E+001   0.230084642828911445E+000   0.613794659307476209E+001  -0.155327336676237771E+000   0.222551488153787158E+001   0.103718946854629568E+000  -0.853234941739109781E+005  -0.975988126624993602E+005   1
   0.147584327340228461E+001   0.897196825172729007E+001   0.344441159382882722E+000   0.741055658913360893E+000  -0.108142708739377535E+000   0.117662617126573288E+001   0.185604395741275380E+000   0.620581105623413798E+001  -0.228443999342212434E+000   0.259608272313659327E+001   0.233825404156171757E+000  -0.755685631809806218E+005  -0.926230989754839102E+005   1
   0.184409624039970099E+001   0.116309554010773937E+002   0.399290235489408452E+000   0.446105633397892887E+000  -0.711269181305180520E-001   0.564519141589738371E+000   0.253452191435112717E+000   0.613107679319456356E+001  -0.225901891290363421E+000   0.218017890754981680E+001   0.143585723095131429E+000  -0.828402045662594755E+005  -0.928297734312994289E+005   1
   0.145192018202748319E+001   0.944458337660177705E+001   0.407088309596837228E+000   0.881185302630912437E+000  -0.473744888444816159E-001   0.927862869466043683E+000   0.309141556544644813E+000   0.616196349652311071E+001  -0.132627020124392647E+000   0.251294379380868227E+001   0.500735407117730347E+000  -0.781046540822311363E+005  -0.962917210642737773E+005   1
   0.136799992938461967E+001   0.116840112637703335E+002   0.400573706272682295E+000   0.622752585490050081E+000  -0.670369527939875531E-001   0.879998171526112483E+000   0.216886915410839431E+000   0.607954865470061723E+001  -0.248770594240590448E+000   0.251078302140594722E+001   0.263453372330564262E+000  -0.836174248701470060E+005  -0.106391241528643543E+006   1
   0.137045929610451411E+001   0.141472525265572973E+002   0.433730922250187279E+000   0.730949655785352759E+000  -0.833626318404889488E-001   0.111203097110975113E+001   0.160730834582407472E+000   0.608002799748083866E+001   0.117062463229242686E+000   0.279336281921007323E+001   0.576273188589379370E+000  -0.795949491612542770E+005  -0.102927519310547679E+006   1
   0.133427749321291911E+001   0.121985507683057843E+002   0.375993437153038623E+000   0.801872317560584191E+000  -0.134376668077222428E+000   0.547364155959985776E+000   0.262837288935476143E+000   0.608792135051390026E+001   0.578855602854889129E-001   0.213156165839636413E+001   0.458202956662883742E+000  -0.804557921964756388E+005  -0.965786409167574311E+005   1
   0.139996819943248663E+001   0.106564219008589998E+002   0.450763932859553629E+000   0.761650951780412866E+000  -0.999494961943879212E-001   0.822091411108390457E+000   0.293551676197890243E+000   0.616840242242523473E+001  -0.459693683953637522E-001   0.221054212870551536E+001   0.246936051616904600E+000  -0.778985326825780794E+005  -0.920099819099680753E+005   1
   0.152742203250587094E+001   0.116537862264559635E+002   0.365092859928280000E+000   0.228885208828425835E+000  -0.619972245676987388E-001   0.986107670633945999E+000   0.235738402037396655E+000   0.609890993010911231E+001  -0.160391224036314395E+000   0.245522089793136367E+001   0.295566610464496726E+000  -0.841117643373701430E+005  -0.914255816405206569E+005   1
   0.141352055400867904E+001   0.107841241316212759E+002   0.545764401078636552E+000   0.809445341422588172E+000  -0.564896684972668872E-001   0.956562085015505548E+000   0.299881865160605443E+000   0.615143942392084497E+001  -0.863049408964159381E-001   0.264002492983722492E+001   0.111371652521370476E+000  -0.728700191861482890E+005  -0.905485027105370100E+005   1
   0.197480773351182015E+001   0.116879969187139459E+002   0.430508247880900252E+000   0.478097675846616110E+000  -0.111911148711753450E+000   0.902562998854108733E+000   0.252294965894324819E+000   0.612844003005088833E+001   0.472290108371182793E-001   0.238638516348848384E+001   0.101656544649098735E+000  -0.835359098107003811E+005  -0.881142748422836885E+005   1
   0.138586271930502125E+001   0.105192327500681202E+002   0.400498157543348166E+000   0.925525881846430365E+000  -0.896962435266336899E-001   0.655923939502415565E+000   0.336570517842858963E+000   0.611599217776992177E+001   0.817287178034570294E-002   0.228372822350896643E+001   0.305814675270480674E+000  -0.826547629229636514E+005  -0.880659330383512424E+005   1
   0.155010141555178116E+001   0.955960296656376940E+001   0.447297912869676573E+000   0.178801847787693258E+000  -0.649263605271605537E-001   0.970146885704995632E+000   0.308648309766961837E+000   0.613820585648243533E+001  -0.208563105497391099E+000   0.235659424185377864E+001   0.470325147124861176E+000  -0.783207091642071318E+005  -0.877936750429571985E+005   1
   0.136859147236965750E+001   0.126729366031130688E+002   0.425568269786579023E+000   0.712960078870887637E+000  -0.119617202632494174E+000   0.641870217957927758E+000   0.223386925154594435E+000   0.611137673003937199E+001   0.105519336687779908E+000   0.255219851394280184E+001   0.707253712836969695E+000  -0.766473826822238043E+005  -0.859814568942854239E+005   1
   0.150023456481758011E+001   0.145637857941149420E+002   0.381530353054478300E+000   0.923122798405451639E+000  -0.562749331062460112E-001   0.111923573136169496E+001   0.240296777129486244E+000   0.608963131746842912E+001   0.310234122814016966E+000   0.268437972858770380E+001   0.443149916430346902E+000  -0.845309727382616547E+005  -0.948003551350952184E+005   1
   0.154242229420087851E+001   0.111749388097929465E+002   0.362319281082263966E+000   0.497907693388883188E+000  -0.431004750560506911E-001   0.135470163582513115E+001   0.189248346020049057E+000   0.611575767601003317E+001   0.465662436090107157E+000   0.262321792770327145E+001   0.316007228805691542E+000  -0.815379481164100289E+005  -0.920046432821931376E+005   1
   0.163541724069484418E+001   0.897216932264112010E+001   0.358941905826763608E+000   0.716893750196338497E+000  -0.101278773030962665E+000   0.126823267679492946E+001   0.236663429235308559E+000   0.618748597665195188E+001   0.504004521357290236E-001   0.218942857485589837E+001   0.218250572297518292E+000  -0.782609361791339761E+005  -0.944008627133942646E+005   1
   0.165586995996545361E+001   0.900571978140979112E+001   0.425955320127475778E+000   0.543907953798840937E+000  -0.122044323084836925E+000   0.138125814989101614E+001   0.316697000951480789E+000   0.617975955168887126E+001   0.313027907620727519E+000   0.240213947485167134E+001   0.275133879356094624E+000  -0.850605598999947251E+005  -0.909948220006859920E+005   1
   0.156678305835421683E+001   0.850949874381720051E+001   0.357889051429283622E+000   0.604238207829974172E+000  -0.116081838427097850E+000   0.889919406458513862E+000   0.281556606653944219E+000   0.620468238520976190E+001   0.749379867991213922E+000   0.254649805187239631E+001   0.430069004507854624E+000  -0.759145511443090800E+005  -0.901113632354179281E+005   1
   0.201426419606870155E+001   0.109436235033125726E+002   0.373058068714814561E+000   0.480677374668123769E+000  -0.118752733584199605E+000   0.528266717673016806E+000   0.182621809732178036E+000   0.625404265615977728E+001   0.509741820493397224E+000   0.235416602291780652E+001   0.272127900174318586E-001  -0.684888413177444017E+005  -0.891609396661080536E+005   1
   0.181829622966423798E+001   0.112465982282828598E+002   0.388034155130236758E+000   0.723175387118902946E+000  -0.141320396557574612E+000   0.491975510771158697E+000   0.285161172510562277E+000   0.613617423620151659E+001  -0.336897961689488490E-001   0.179207610786309290E+001   0.189010623423976371E+000  -0.851182647922767937E+005  -0.879715393148323201E+005   1
   0.156610887015568245E+001   0.110465397291339045E+002   0.434903890412146221E+000   0.471459314625678250E+000  -0.340854434246613269E-001   0.879947765972541429E+000   0.283991640031168946E+000   0.616771206714969367E+001   0.203632538322905954E-001   0.216406543610488322E+001   0.649581505882933175E+000  -0.438955619909235465E+005  -0.861961989680344850E+005   1
   0.129695854327187687E+001   0.117028441695587890E+002   0.307722015522714776E+000   0.570164670597475332E+000  -0.921040094987375935E-001   0.755936681860565174E+000   0.249159017384137260E+000   0.602523069914536258E+001  -0.757678640089217426E-001   0.213691182953987679E+001   0.550717007897737143E+000  -0.841763051337297511E+005  -0.874041835931960668E+005   1
   0.164816542322863180E+001   0.106330980441571175E+002   0.415086428689652231E+000   0.938380879098001053E+000  -0.205435037051872882E-001   0.987599974283777771E+000   0.336169645936724992E+000   0.616186586067170516E+001  -0.497924794841861362E-002   0.184064994257723846E+001   0.197829024425580091E+000  -0.818885544464539125E+005  -0.911732819050523394E+005   1
   0.133974063630479701E+001   0.953932166385757441E+001   0.371191829631249970E+000   0.506324164434277080E+000  -0.577891379678321104E-001   0.528179254047432378E+000   0.351005103799447271E+000   0.611557309768245094E+001  -0.148912549066149424E+000   0.228215267570055635E+001   0.478027687287360170E+000  -0.810956059561752627E+005  -0.867960094559740974E+005   1
   0.126119213226691484E+001   0.996464986515775664E+001   0.399249156092689961E+000   0.684461707169788935E+000  -0.118036580223400162E+000   0.697971263413968646E+000   0.227416447934396498E+000   0.613939174278587529E+001   0.117169272668121771E+000   0.162804005629316051E+001   0.325403348286518901E+000  -0.833767485478201997E+005  -0.113026165264029507E+006   1
   0.136593044238545636E+001   0.813206775805011972E+001   0.450968448517344467E+000   0.745332230627717696E+000  -0.748423165366724485E-001   0.486159422006297970E+000   0.332498306157724244E+000   0.623394192534195923E+001  -0.750228150176792397E-001   0.164031010747634376E+001   0.125428924122675922E+000  -0.704291254383980704E+005  -0.104659770752681739E+006   1
   0.136572813364607382E+001   0.766546675505365549E+001   0.401500656556667945E+000   0.348968366953189668E+000  -0.768136586193070570E-001   0.112827458447026796E+001   0.422073378797626908E+000   0.613324743646526116E+001  -0.552336946158280551E-001   0.184887200063058788E+001   0.331675354448054849E+000  -0.845621535363746516E+005  -0.102043927884834688E+006   1
   0.116797762483832379E+001   0.838680151442021149E+001   0.371699055965214797E+000   0.303995372297463318E+000  -0.907963930819667142E-001   0.748750687679541449E+000   0.335760269181668014E+000   0.611450942510080520E+001  -0.207277890933847520E+000   0.133967571973890198E+001   0.632409892928721740E+000  -0.825290007017357275E+005  -0.992347698909126193E+005   1
   0.114434812333025193E+001   0.102015461790418787E+002   0.434272061051430569E+000   0.663935910881642277E+000  -0.912211586682110109E-002   0.859550969828462019E+000   0.272285570552064538E+000   0.615058932724025809E+001  -0.106645385216526112E-001   0.172537786605662435E+001   0.565685929320804748E+000  -0.473464141892857151E+005  -0.926168760279540293E+005   1
   0.110220629375687906E+001   0.833437907079371421E+001   0.307280145202855792E+000   0.624765580304061263E+000  -0.595470432829188767E-001   0.681948479904648242E+000   0.238276500151181070E+000   0.619050135872221485E+001  -0.609690883549661167E-001   0.167240585956641086E+001   0.122465120971203822E+000  -0.785783618571177940E+005  -0.102761765387369291E+006   1
   0.111520736947924859E+001   0.712266578494012492E+001   0.301091120714094607E+000   0.602894554495156609E+000  -0.141364117833317204E-001   0.687270227763925323E+000   0.209366464644578615E+000   0.618694041746933276E+001   0.102744715042322243E+000   0.181421229271016204E+001   0.394604811339335504E+000  -0.777540464974484785E+005  -0.914249957168302062E+005   1
   0.115067310207641249E+001   0.994601004052151794E+001   0.420147074730186532E+000   0.612425684616922927E+000  -0.649370152892534136E-001   0.558023363368417180E+000   0.227777828673275479E+000   0.616953726547346371E+001  -0.213559614893741090E+000   0.154860441500805734E+001   0.309274081950008939E+000  -0.731032282125474012E+005  -0.901356769610972406E+005   1
   0.108680450631467962E+001   0.101961044757897490E+002   0.396891539301272578E+000   0.591261450317523973E+000  -0.265066946797465064E-001   0.349431831944085336E+000   0.259615156560220273E+000   0.614620797681755526E+001  -0.459019907808257965E-001   0.174755269776431943E+001   0.412338475120724635E+000  -0.700530460267918243E+005  -0.900968374483324296E+005   1
   0.107581964610287439E+001   0.791425321410184246E+001   0.360430719888606810E+000   0.644994543272654819E+000  -0.105793537810172117E+000   0.400446116610805092E+000   0.400084877639249659E+000   0.612995947642076011E+001  -0.491785959108225756E-001   0.123783105173903540E+001   0.109563683651331956E+000  -0.836443630158920423E+005  -0.893896819796892960E+005   1
   0.153065345715830459E+001   0.871442817798268798E+001   0.415323216765194791E+000   0.870634514800892045E+000  -0.104247076581520492E+000   0.636394754614194591E+000   0.433214107813530702E+000   0.615822474706012990E+001  -0.177201683125607551E+000   0.137488007774464172E+001   0.265898418437387207E+000  -0.850972982772496325E+005  -0.888397051217821718E+005   1
   0.134975206275943949E+001   0.815729321476594826E+001   0.440718019249281834E+000   0.623766391293208655E+000  -0.169915097690149786E-001   0.688950074270132773E+000   0.388818073027187572E+000   0.619666758543941221E+001  -0.332445238008657606E-001   0.191472820194196225E+001   0.387275087530844359E-001  -0.808039446886599180E+005  -0.877374032211586018E+005   1
   0.121531292910545141E+001   0.115725323203795920E+002   0.450785390881037307E+000   0.490173818141634132E+000  -0.347979664218239781E-002   0.842008332417932714E+000   0.363688190483985097E+000   0.604213277974217533E+001   0.700289796131352560E-001   0.171110618486584132E+001   0.757319401555351712E+000  -0.761031578819858114E+005  -0.105824837862837448E+006   1
   0.116118754607672403E+001   0.852350861773186352E+001   0.301052748002861192E+000   0.340729548627977441E+000  -0.571283208048245228E-001   0.127026118370759789E+001   0.169912537290062726E+000   0.612068731343672745E+001  -0.189186938035661445E+000   0.173142253262411860E+001   0.274543579100700527E-001  -0.810882396172342415E+005  -0.103083039384709467E+006   1
   0.142673252278762108E+001   0.136962724390973349E+002   0.411261420359855911E+000   0.754931060148642641E+000  -0.195354458776694218E-001   0.706170214908606764E+000   0.161403964218617468E+000   0.613610728681003259E+001   0.494526069018823566E-001   0.131109525271842009E+001   0.142735123986090895E+000  -0.709313562407328864E+005  -0.985090094491041673E+005   1
   0.107159495685556494E+001   0.115146145111139120E+002   0.302207371255777624E+000   0.370779129118805395E+000  -0.131745752267350968E-001   0.321641594443902890E+000   0.175405483866216849E+000   0.611719744744585903E+001   0.328396057527552965E-001   0.190994662593087128E+001   0.359990940499620105E+000  -0.705518611953946820E+005  -0.979584706392223306E+005   1
   0.134272099793494970E+001   0.107432666304753219E+002   0.337671495549789813E+000   0.384654970001821250E+000  -0.567583876826241729E-001   0.843965864611932570E+000   0.190480709524634806E+000   0.612966849590977070E+001  -0.104950515709917286E+000   0.185147587278943981E+001   0.245051995294780195E+000  -0.682159778001574450E+005  -0.953051035886444733E+005   1
   0.168728720336787252E+001   0.115040087037318557E+002   0.299185358226108478E+000   0.515625791291856372E+000  -0.396145959679986004E-001   0.963704735265422441E+000   0.166846896881979762E+000   0.610171178302992701E+001   0.299448059975909175E-001   0.159901013033437733E+001   0.950722504868375951E-001  -0.836231491627372016E+005  -0.976097617074664449E+005   1
   0.113620570144664401E+001   0.112287343011043763E+002   0.272851478493553234E+000   0.257952124390264215E+000  -0.451992864404725803E-001   0.965135768887289247E+000   0.160873559238133707E+000   0.605471947370448671E+001  -0.146388270588412750E+000   0.174981459818982255E+001   0.174438297099453132E+000  -0.832284207917006133E+005  -0.947932796495390794E+005   1
   0.145199076578149100E+001   0.111991155615077815E+002   0.276077734666363095E+000   0.890808946061515811E-001  -0.216702799287628312E-001   0.937170564011357121E+000   0.178972765680619234E+000   0.609222290573652714E+001  -0.157348690342446307E+000   0.159921776641058511E+001   0.232061679783097580E+000  -0.809779292713758041E+005  -0.917803685011839116E+005   1
   0.170416875562852166E+001   0.131796878009816076E+002   0.239303144997862066E+000   0.557998379186521065E+000  -0.878591626323617092E-001   0.104066038456543342E+001   0.108269418308244394E+000   0.607059434318127966E+001  -0.456541579403584308E-001   0.140370939696510355E+001   0.130451510599858544E+000  -0.845243537970515172E+005  -0.904829249501963641E+005   1
   0.187083480090006526E+001   0.128270573539086552E+002   0.315382476594712302E+000   0.357039743642597607E+000  -0.434184745464563926E-001   0.959605546882420612E+000   0.202087444636875752E+000   0.609735338918950287E+001   0.128521829288569811E-001   0.112452510279562068E+001   0.247635791168029668E+000  -0.775350422480663256E+005  -0.899042596795547433E+005   1
   0.128747242787972338E+001   0.984199278800729083E+001   0.322828756222946267E+000   0.255042820517445867E+000   0.604943590795525843E-002   0.957582448667116504E+000   0.161354160718111012E+000   0.613959983799003517E+001  -0.132479847571006504E+000   0.168422681499501459E+001   0.278747473868619644E+000  -0.768859940159882390E+005  -0.889546215164327878E+005   1
   0.114407174048267590E+001   0.951372697347827412E+001   0.315966367176485574E+000   0.123407993541205685E+000  -0.401749783889354672E-002   0.109456177141280753E+001   0.229097007578398959E+000   0.608024004546093533E+001  -0.101647802434460949E+000   0.174299320209767528E+001   0.385084721894854320E+000  -0.780650317680308071E+005  -0.870072463721087697E+005   1
   0.130889783802422421E+001   0.811186401977713700E+001   0.335563233975525010E+000   0.414429602861667745E+000  -0.589165785584831181E-001   0.100778461287077947E+001   0.229523558945070760E+000   0.616992022941110818E+001  -0.132070769281631195E+000   0.122421534173653801E+001   0.337679013030387110E+000  -0.702329812698782043E+005  -0.952206646400643367E+005   1
   0.111796966067152370E+001   0.689944048385240016E+001   0.294129838623267137E+000   0.267263167778099109E+000  -0.208140839957727253E-001   0.992757085057011546E+000   0.202144413974878312E+000   0.620412724608983446E+001  -0.226425072252893406E+000   0.178334651515935838E+001   0.388513987506000968E+000  -0.819620252193282504E+005  -0.944492668287883716E+005   1
   0.120415032311497061E+001   0.112319280342249996E+002   0.316964711540726640E+000   0.277228619064676440E+000   0.180786908685925951E-002   0.116304622953246417E+001   0.128073007432970065E+000   0.606268946356635574E+001   0.759310231416921999E-001   0.162231466235205257E+001   0.363212711662169840E+000  -0.845767336805958475E+005  -0.901375948184907902E+005   1
   0.149685487526121852E+001   0.128097236722081806E+002   0.345600662945390935E+000   0.422783349700301458E+000  -0.281506859164240009E-001   0.919016183171601386E+000   0.215188855720476635E+000   0.603734131668842267E+001   0.891900005300622079E-001   0.118562620407674069E+001   0.711981337488514665E+000  -0.805166748141140997E+005  -0.112387383524858640E+006   1
   0.123877649308533000E+001   0.111872034152482343E+002   0.331308502396765125E+000   0.542547535644497647E+000  -0.331708822561467831E-001   0.111751844549576806E+001   0.231447411630588684E+000   0.608248354049897522E+001  -0.320099241061693185E-001   0.155952702420514178E+001   0.786670181258055101E+000  -0.489158308116608823E+005  -0.859866732431624405E+005   1
   0.132071886735951738E+001   0.985220740653324789E+001   0.390494753310334231E+000   0.730203558492302673E+000  -0.853599796210928186E-001   0.839564308355888245E+000   0.317116595490520292E+000   0.610948064624329490E+001   0.656028649846178036E+000   0.149102866048807403E+001   0.228373682480947499E+000  -0.852769729450464365E+005  -0.969648164130688092E+005   1
   0.112071234323497104E+001   0.970192081002836204E+001   0.380199324334975164E+000   0.427969420040625659E+000  -0.123168107296869056E+000   0.706793177415041551E+000   0.139322791186752643E+000   0.617357317211362044E+001   0.303009072949629088E+000   0.135995849836043914E+001   0.260189212943837435E-001  -0.852434530384734971E+005  -0.104102057084861182E+006   1
   0.133459207491175968E+001   0.902895043594200075E+001   0.396674702300561399E+000   0.673481478831601477E+000  -0.314847863999390409E-001   0.135904866671663505E+001   0.195935064755394794E+000   0.617196075327523452E+001   0.708816592496122611E+000   0.191829808006029801E+001   0.227094478151911805E+000  -0.763952570933298703E+005  -0.960338488619985583E+005   1
   0.136973914758278070E+001   0.103506267893354753E+002   0.382285977108945629E+000   0.863523296022857934E+000  -0.178358998772183974E-001   0.148010340790939088E+001   0.165510319020582664E+000   0.614423955566196689E+001   0.543946493677295639E+000   0.169852696050272134E+001   0.274952585143749297E-001  -0.843458441440144234E+005  -0.942514188114581193E+005   1
   0.135534394188059526E+001   0.945519198071158584E+001   0.369325025100105231E+000   0.560871312766670238E+000  -0.468447389228365818E-001   0.121449121220063683E+001   0.151940101332337735E+000   0.619060417579172650E+001   0.113943325623966973E+000   0.147446753379464623E+001   0.301805492004391884E+000  -0.687568195246701216E+005  -0.893398371272754594E+005   1
   0.128480974433175921E+001   0.803596962010629490E+001   0.357721115428426106E+000   0.878058893919951067E+000  -0.234866087698910597E-001   0.124092045958999453E+001   0.181261067388492014E+000   0.622074959867915211E+001  -0.817290721004100273E-001   0.149716817523735113E+001   0.177224959148652828E+000  -0.798791276847667323E+005  -0.881305526023131824E+005   1
   0.131886936518639031E+001   0.112052823145139229E+002   0.333168289291999264E+000   0.895398252330146693E+000   0.238209744712513105E-001   0.120194019204852953E+001   0.190977733589337062E+000   0.611609868929422618E+001   0.541694883770537650E-001   0.145991364751449737E+001   0.289667699958706781E+000  -0.802630632176553190E+005  -0.880979082696440892E+005   1
   0.125464632154516886E+001   0.834454051150009413E+001   0.381812127203974894E+000   0.452868768642472941E+000  -0.237233600390915067E-001   0.106713624294308906E+001   0.223771398468688515E+000   0.616827705411038529E+001   0.432932104995844558E+000   0.152408840104005661E+001   0.168048920634434745E+000  -0.753498837983727426E+005  -0.877057059547146928E+005   1
   0.165660886229944904E+001   0.938993851725270368E+001   0.305751632262513284E+000   0.529122322266331824E+000  -0.742352972618110230E-001   0.100044969104076009E+001   0.171304779124043516E+000   0.616720070350388205E+001   0.284496765343943747E+000   0.154815853640902334E+001   0.215893743093739710E+000  -0.836872478547988721E+005  -0.874381222872160142E+005   1
   0.173419356163063476E+001   0.104988431391795380E+002   0.280841894859977625E+000   0.478356245073360609E+000  -0.483094447021801821E-001   0.121817388649342884E+001   0.107552745435863364E+000   0.620091381221787774E+001   0.381378918463596062E+000   0.164544502135369131E+001   0.995990667881566510E-001  -0.718160411772803927E+005  -0.873803459848640778E+005   1
   0.151992022473994948E+001   0.917230656780773401E+001   0.273000983785622431E+000   0.478277831274814685E-001  -0.221673580501021428E-001   0.138478943580582992E+001   0.164895524201143423E+000   0.614627509738445887E+001   0.149161391267048193E+000   0.219105944746826387E+001   0.226444109765518431E-001  -0.791788349151035363E+005  -0.868082078444770596E+005   1
   0.132988588856697865E+001   0.101103945139981235E+002   0.356394914746721914E+000   0.464790122238294190E+000  -0.478189135729706061E-001   0.925945034676137646E+000   0.147632289461414573E+000   0.621182348381927518E+001   0.113667486985354282E+000   0.194128996458669589E+001   0.136206809539312967E+000  -0.585478896889664247E+005  -0.862467034193017462E+005   1
   0.113061078291126682E+001   0.871598448342316701E+001   0.347907719698320683E+000   0.843112926115481165E+000  -0.727056179850380790E-001   0.880036871129446951E+000   0.195454575590056578E+000   0.617193271913810371E+001   0.568193160876333092E+000   0.206482176692198438E+001   0.287745900578305458E+000  -0.766675567681552930E+005  -0.859447352973842062E+005   1
   0.145415122961809051E+001   0.881545229258091467E+001   0.299464238271315186E+000   0.151735380160300248E+000   0.725392020836035378E-002   0.121867897376800882E+001   0.136707721861402398E+000   0.623580333342179394E+001  -0.162593413891687966E+000   0.180346305512536653E+001   0.783632515749779941E-002  -0.678878287959737208E+005  -0.857449906789865636E+005   1
   0.141068078695005039E+001   0.889493528460141292E+001   0.291516512772130532E+000   0.244025597106928283E+000  -0.518775041659971237E-001   0.756750379312145616E+000   0.159498675058661055E+000   0.623027265074274172E+001  -0.687934771193360606E-001   0.156902325839224810E+001   0.381727925063258033E+000  -0.604070755012932132E+005  -0.854311765468197118E+005   1
