2.5634e+00 1.2128e+00
2.5621e+00 1.2063e+00
2.5607e+00 1.1999e+00
2.5593e+00 1.1935e+00
2.5580e+00 1.1871e+00
2.5566e+00 1.1807e+00
2.5553e+00 1.1743e+00
2.5539e+00 1.1679e+00
2.5526e+00 1.1616e+00
2.5512e+00 1.1552e+00
2.5499e+00 1.1489e+00
2.5485e+00 1.1426e+00
2.5471e+00 1.1363e+00
2.5458e+00 1.1300e+00
2.5444e+00 1.1238e+00
2.5431e+00 1.1175e+00
2.5417e+00 1.1112e+00
2.5403e+00 1.1050e+00
2.5390e+00 1.0988e+00
2.5376e+00 1.0926e+00
2.5362e+00 1.0864e+00
2.5349e+00 1.0802e+00
2.5335e+00 1.0740e+00
2.5322e+00 1.0679e+00
2.5308e+00 1.0617e+00
2.5294e+00 1.0556e+00
2.5281e+00 1.0495e+00
2.5267e+00 1.0434e+00
2.5253e+00 1.0373e+00
2.5240e+00 1.0312e+00
2.5226e+00 1.0251e+00
2.5212e+00 1.0191e+00
2.5199e+00 1.0130e+00
2.5185e+00 1.0070e+00
2.5172e+00 1.0009e+00
2.5158e+00 9.9491e-01
2.5144e+00 9.8890e-01
2.5131e+00 9.8290e-01
2.5117e+00 9.7692e-01
2.5104e+00 9.7094e-01
2.5090e+00 9.6497e-01
2.5076e+00 9.5902e-01
2.5063e+00 9.5308e-01
2.5049e+00 9.4714e-01
2.5036e+00 9.4122e-01
2.5022e+00 9.3530e-01
2.5009e+00 9.2940e-01
2.4995e+00 9.2351e-01
2.4982e+00 9.1762e-01
2.4968e+00 9.1175e-01
2.4955e+00 9.0589e-01
2.4941e+00 9.0003e-01
2.4928e+00 8.9419e-01
2.4914e+00 8.8835e-01
2.4901e+00 8.8253e-01
2.4888e+00 8.7671e-01
2.4874e+00 8.7090e-01
2.4861e+00 8.6511e-01
2.4847e+00 8.5932e-01
2.4834e+00 8.5354e-01
2.4821e+00 8.4777e-01
2.4807e+00 8.4201e-01
2.4794e+00 8.3625e-01
2.4781e+00 8.3051e-01
2.4768e+00 8.2477e-01
2.4754e+00 8.1905e-01
2.4741e+00 8.1333e-01
2.4728e+00 8.0762e-01
2.4715e+00 8.0192e-01
2.4701e+00 7.9622e-01
2.4688e+00 7.9054e-01
2.4675e+00 7.8486e-01
2.4662e+00 7.7919e-01
2.4649e+00 7.7353e-01
2.4636e+00 7.6788e-01
2.4623e+00 7.6223e-01
2.4610e+00 7.5659e-01
2.4597e+00 7.5097e-01
2.4584e+00 7.4534e-01
2.4571e+00 7.3973e-01
2.4558e+00 7.3412e-01
2.4545e+00 7.2852e-01
2.4532e+00 7.2293e-01
2.4519e+00 7.1734e-01
2.4507e+00 7.1177e-01
2.4494e+00 7.0620e-01
2.4481e+00 7.0063e-01
2.4468e+00 6.9508e-01
2.4456e+00 6.8953e-01
2.4443e+00 6.8398e-01
2.4430e+00 6.7845e-01
2.4418e+00 6.7292e-01
2.4405e+00 6.6740e-01
2.4392e+00 6.6188e-01
2.4380e+00 6.5637e-01
2.4367e+00 6.5087e-01
2.4355e+00 6.4537e-01
2.4342e+00 6.3988e-01
2.4330e+00 6.3440e-01
2.4318e+00 6.2892e-01
2.4305e+00 6.2345e-01
2.4293e+00 6.1799e-01
2.4281e+00 6.1253e-01
2.4268e+00 6.0708e-01
2.4256e+00 6.0163e-01
2.4244e+00 5.9619e-01
2.4232e+00 5.9075e-01
2.4219e+00 5.8533e-01
2.4207e+00 5.7990e-01
2.4195e+00 5.7448e-01
2.4183e+00 5.6907e-01
2.4171e+00 5.6367e-01
2.4159e+00 5.5827e-01
2.4147e+00 5.5287e-01
2.4135e+00 5.4748e-01
2.4124e+00 5.4210e-01
2.4112e+00 5.3672e-01
2.4100e+00 5.3134e-01
2.4088e+00 5.2598e-01
2.4077e+00 5.2061e-01
2.4065e+00 5.1525e-01
2.4053e+00 5.0990e-01
2.4042e+00 5.0455e-01
2.4030e+00 4.9921e-01
2.4019e+00 4.9387e-01
2.4007e+00 4.8854e-01
2.3996e+00 4.8321e-01
2.3984e+00 4.7788e-01
2.3973e+00 4.7256e-01
2.3962e+00 4.6725e-01
2.3950e+00 4.6194e-01
2.3939e+00 4.5664e-01
2.3928e+00 4.5133e-01
2.3917e+00 4.4604e-01
2.3906e+00 4.4075e-01
2.3895e+00 4.3546e-01
2.3884e+00 4.3018e-01
2.3873e+00 4.2490e-01
2.3862e+00 4.1962e-01
2.3851e+00 4.1435e-01
2.3840e+00 4.0909e-01
2.3829e+00 4.0382e-01
2.3818e+00 3.9857e-01
2.3808e+00 3.9331e-01
2.3797e+00 3.8806e-01
2.3786e+00 3.8282e-01
2.3776e+00 3.7757e-01
2.3765e+00 3.7234e-01
2.3755e+00 3.6710e-01
2.3744e+00 3.6187e-01
2.3734e+00 3.5664e-01
2.3723e+00 3.5142e-01
2.3713e+00 3.4620e-01
2.3703e+00 3.4099e-01
2.3693e+00 3.3577e-01
2.3682e+00 3.3057e-01
2.3672e+00 3.2536e-01
2.3662e+00 3.2016e-01
2.3652e+00 3.1496e-01
2.3642e+00 3.0977e-01
2.3632e+00 3.0457e-01
2.3622e+00 2.9939e-01
2.3612e+00 2.9420e-01
2.3603e+00 2.8902e-01
2.3593e+00 2.8384e-01
2.3583e+00 2.7867e-01
2.3574e+00 2.7350e-01
2.3564e+00 2.6833e-01
2.3554e+00 2.6316e-01
2.3545e+00 2.5800e-01
2.3536e+00 2.5284e-01
2.3526e+00 2.4768e-01
2.3517e+00 2.4253e-01
2.3508e+00 2.3738e-01
2.3498e+00 2.3223e-01
2.3489e+00 2.2708e-01
2.3480e+00 2.2194e-01
2.3471e+00 2.1680e-01
2.3462e+00 2.1167e-01
2.3453e+00 2.0653e-01
2.3444e+00 2.0140e-01
2.3435e+00 1.9627e-01
2.3426e+00 1.9115e-01
2.3418e+00 1.8602e-01
2.3409e+00 1.8090e-01
2.3400e+00 1.7578e-01
2.3392e+00 1.7067e-01
2.3383e+00 1.6556e-01
2.3375e+00 1.6044e-01
2.3366e+00 1.5534e-01
2.3358e+00 1.5023e-01
2.3349e+00 1.4513e-01
2.3341e+00 1.4002e-01
2.3333e+00 1.3493e-01
2.3325e+00 1.2983e-01
2.3317e+00 1.2473e-01
2.3309e+00 1.1964e-01
2.3301e+00 1.1455e-01
2.3293e+00 1.0946e-01
2.3285e+00 1.0438e-01
2.3277e+00 9.9295e-02
2.3269e+00 9.4213e-02
2.3261e+00 8.9134e-02
2.3254e+00 8.4056e-02
2.3246e+00 7.8981e-02
2.3239e+00 7.3908e-02
2.3231e+00 6.8836e-02
2.3224e+00 6.3766e-02
2.3216e+00 5.8699e-02
2.3209e+00 5.3633e-02
2.3202e+00 4.8569e-02
2.3195e+00 4.3507e-02
2.3188e+00 3.8447e-02
2.3181e+00 3.3389e-02
2.3174e+00 2.8332e-02
2.3167e+00 2.3277e-02
2.3160e+00 1.8224e-02
2.3153e+00 1.3172e-02
2.3146e+00 8.1226e-03
2.3139e+00 3.0745e-03
2.3133e+00 -1.9720e-03
2.3126e+00 -7.0169e-03
2.3120e+00 -1.2060e-02
2.3113e+00 -1.7102e-02
2.3107e+00 -2.2142e-02
2.3100e+00 -2.7181e-02
2.3094e+00 -3.2218e-02
2.3088e+00 -3.7254e-02
2.3082e+00 -4.2288e-02
2.3076e+00 -4.7321e-02
2.3069e+00 -5.2352e-02
2.3064e+00 -5.7382e-02
2.3058e+00 -6.2411e-02
2.3052e+00 -6.7438e-02
2.3046e+00 -7.2464e-02
2.3040e+00 -7.7488e-02
2.3035e+00 -8.2511e-02
2.3029e+00 -8.7533e-02
2.3023e+00 -9.2554e-02
2.3018e+00 -9.7574e-02
2.3012e+00 -1.0259e-01
2.3007e+00 -1.0761e-01
2.3002e+00 -1.1262e-01
2.2997e+00 -1.1764e-01
2.2991e+00 -1.2265e-01
2.2986e+00 -1.2767e-01
2.2981e+00 -1.3268e-01
2.2976e+00 -1.3769e-01
2.2971e+00 -1.4270e-01
2.2966e+00 -1.4770e-01
2.2962e+00 -1.5271e-01
2.2957e+00 -1.5772e-01
2.2952e+00 -1.6272e-01
2.2948e+00 -1.6773e-01
2.2943e+00 -1.7273e-01
2.2939e+00 -1.7773e-01
2.2934e+00 -1.8273e-01
2.2930e+00 -1.8773e-01
2.2926e+00 -1.9273e-01
2.2921e+00 -1.9773e-01
2.2917e+00 -2.0273e-01
2.2913e+00 -2.0772e-01
2.2909e+00 -2.1272e-01
2.2905e+00 -2.1771e-01
2.2901e+00 -2.2271e-01
2.2898e+00 -2.2770e-01
2.2894e+00 -2.3269e-01
2.2890e+00 -2.3769e-01
2.2887e+00 -2.4268e-01
2.2883e+00 -2.4767e-01
2.2879e+00 -2.5266e-01
2.2876e+00 -2.5765e-01
2.2873e+00 -2.6263e-01
2.2869e+00 -2.6762e-01
2.2866e+00 -2.7261e-01
2.2863e+00 -2.7760e-01
2.2860e+00 -2.8258e-01
2.2857e+00 -2.8757e-01
2.2854e+00 -2.9255e-01
2.2851e+00 -2.9753e-01
2.2848e+00 -3.0252e-01
2.2845e+00 -3.0750e-01
2.2843e+00 -3.1248e-01
2.2840e+00 -3.1746e-01
2.2838e+00 -3.2245e-01
2.2835e+00 -3.2743e-01
2.2833e+00 -3.3241e-01
2.2830e+00 -3.3739e-01
2.2828e+00 -3.4237e-01
2.2826e+00 -3.4734e-01
2.2824e+00 -3.5232e-01
2.2821e+00 -3.5730e-01
2.2819e+00 -3.6228e-01
2.2817e+00 -3.6726e-01
2.2816e+00 -3.7223e-01
2.2814e+00 -3.7721e-01
2.2812e+00 -3.8218e-01
2.2810e+00 -3.8716e-01
2.2809e+00 -3.9214e-01
2.2807e+00 -3.9711e-01
2.2806e+00 -4.0209e-01
2.2804e+00 -4.0706e-01
2.2803e+00 -4.1204e-01
2.2802e+00 -4.1701e-01
2.2800e+00 -4.2198e-01
2.2799e+00 -4.2696e-01
2.2798e+00 -4.3193e-01
2.2797e+00 -4.3690e-01
2.2796e+00 -4.4188e-01
2.2795e+00 -4.4685e-01
2.2794e+00 -4.5182e-01
2.2794e+00 -4.5679e-01
2.2793e+00 -4.6177e-01
2.2792e+00 -4.6674e-01
2.2792e+00 -4.7171e-01
2.2791e+00 -4.7668e-01
2.2791e+00 -4.8166e-01
2.2791e+00 -4.8663e-01
2.2790e+00 -4.9160e-01
2.2790e+00 -4.9657e-01
2.2790e+00 -5.0154e-01
2.2790e+00 -5.0651e-01
2.2790e+00 -5.1149e-01
2.2790e+00 -5.1646e-01
2.2790e+00 -5.2143e-01
2.2790e+00 -5.2640e-01
2.2791e+00 -5.3137e-01
2.2791e+00 -5.3634e-01
2.2791e+00 -5.4132e-01
2.2792e+00 -5.4629e-01
2.2792e+00 -5.5126e-01
2.2793e+00 -5.5623e-01
2.2794e+00 -5.6121e-01
2.2794e+00 -5.6618e-01
2.2795e+00 -5.7115e-01
2.2796e+00 -5.7612e-01
2.2797e+00 -5.8110e-01
2.2798e+00 -5.8607e-01
2.2799e+00 -5.9104e-01
2.2800e+00 -5.9602e-01
2.2802e+00 -6.0099e-01
2.2803e+00 -6.0596e-01
2.2804e+00 -6.1094e-01
2.2806e+00 -6.1591e-01
2.2807e+00 -6.2089e-01
2.2809e+00 -6.2586e-01
2.2810e+00 -6.3084e-01
2.2812e+00 -6.3582e-01
2.2814e+00 -6.4079e-01
2.2816e+00 -6.4577e-01
2.2817e+00 -6.5074e-01
2.2819e+00 -6.5572e-01
2.2821e+00 -6.6070e-01
2.2824e+00 -6.6568e-01
2.2826e+00 -6.7066e-01
2.2828e+00 -6.7563e-01
2.2830e+00 -6.8061e-01
2.2833e+00 -6.8559e-01
2.2835e+00 -6.9057e-01
2.2838e+00 -6.9555e-01
2.2840e+00 -7.0054e-01
2.2843e+00 -7.0552e-01
2.2845e+00 -7.1050e-01
2.2848e+00 -7.1548e-01
2.2851e+00 -7.2047e-01
2.2854e+00 -7.2545e-01
2.2857e+00 -7.3043e-01
2.2860e+00 -7.3542e-01
2.2863e+00 -7.4040e-01
2.2866e+00 -7.4539e-01
2.2869e+00 -7.5038e-01
2.2873e+00 -7.5537e-01
2.2876e+00 -7.6035e-01
2.2879e+00 -7.6534e-01
2.2883e+00 -7.7033e-01
2.2887e+00 -7.7532e-01
2.2890e+00 -7.8031e-01
2.2894e+00 -7.8531e-01
2.2898e+00 -7.9030e-01
2.2901e+00 -7.9529e-01
2.2905e+00 -8.0029e-01
2.2909e+00 -8.0528e-01
2.2913e+00 -8.1028e-01
2.2917e+00 -8.1527e-01
2.2921e+00 -8.2027e-01
2.2926e+00 -8.2527e-01
2.2930e+00 -8.3027e-01
2.2934e+00 -8.3527e-01
2.2939e+00 -8.4027e-01
2.2943e+00 -8.4527e-01
2.2948e+00 -8.5027e-01
2.2952e+00 -8.5528e-01
2.2957e+00 -8.6028e-01
2.2962e+00 -8.6529e-01
2.2966e+00 -8.7030e-01
2.2971e+00 -8.7530e-01
2.2976e+00 -8.8031e-01
2.2981e+00 -8.8532e-01
2.2986e+00 -8.9033e-01
2.2991e+00 -8.9535e-01
2.2997e+00 -9.0036e-01
2.3002e+00 -9.0538e-01
2.3007e+00 -9.1039e-01
2.3006e+00 -9.1161e-01
2.2996e+00 -9.0683e-01
2.2987e+00 -9.0205e-01
2.2978e+00 -8.9728e-01
2.2969e+00 -8.9250e-01
2.2960e+00 -8.8773e-01
2.2951e+00 -8.8296e-01
2.2942e+00 -8.7819e-01
2.2933e+00 -8.7342e-01
2.2924e+00 -8.6865e-01
2.2915e+00 -8.6388e-01
2.2907e+00 -8.5912e-01
2.2898e+00 -8.5435e-01
2.2889e+00 -8.4959e-01
2.2881e+00 -8.4483e-01
2.2873e+00 -8.4007e-01
2.2864e+00 -8.3531e-01
2.2856e+00 -8.3055e-01
2.2848e+00 -8.2580e-01
2.2840e+00 -8.2104e-01
2.2832e+00 -8.1629e-01
2.2824e+00 -8.1154e-01
2.2816e+00 -8.0679e-01
2.2808e+00 -8.0204e-01
2.2800e+00 -7.9729e-01
2.2793e+00 -7.9254e-01
2.2785e+00 -7.8779e-01
2.2777e+00 -7.8305e-01
2.2770e+00 -7.7830e-01
2.2763e+00 -7.7356e-01
2.2755e+00 -7.6881e-01
2.2748e+00 -7.6407e-01
2.2741e+00 -7.5933e-01
2.2734e+00 -7.5459e-01
2.2727e+00 -7.4985e-01
2.2720e+00 -7.4512e-01
2.2713e+00 -7.4038e-01
2.2706e+00 -7.3564e-01
2.2699e+00 -7.3091e-01
2.2693e+00 -7.2617e-01
2.2686e+00 -7.2144e-01
2.2680e+00 -7.1671e-01
2.2673e+00 -7.1198e-01
2.2667e+00 -7.0724e-01
2.2661e+00 -7.0251e-01
2.2654e+00 -6.9779e-01
2.2648e+00 -6.9306e-01
2.2642e+00 -6.8833e-01
2.2636e+00 -6.8360e-01
2.2630e+00 -6.7888e-01
2.2625e+00 -6.7415e-01
2.2619e+00 -6.6942e-01
2.2613e+00 -6.6470e-01
2.2608e+00 -6.5998e-01
2.2602e+00 -6.5525e-01
2.2597e+00 -6.5053e-01
2.2591e+00 -6.4581e-01
2.2586e+00 -6.4109e-01
2.2581e+00 -6.3637e-01
2.2576e+00 -6.3165e-01
2.2571e+00 -6.2693e-01
2.2566e+00 -6.2221e-01
2.2561e+00 -6.1749e-01
2.2556e+00 -6.1278e-01
2.2551e+00 -6.0806e-01
2.2546e+00 -6.0334e-01
2.2542e+00 -5.9863e-01
2.2537e+00 -5.9391e-01
2.2533e+00 -5.8920e-01
2.2528e+00 -5.8448e-01
2.2524e+00 -5.7977e-01
2.2520e+00 -5.7505e-01
2.2516e+00 -5.7034e-01
2.2512e+00 -5.6563e-01
2.2508e+00 -5.6092e-01
2.2504e+00 -5.5620e-01
2.2500e+00 -5.5149e-01
2.2496e+00 -5.4678e-01
2.2493e+00 -5.4207e-01
2.2489e+00 -5.3736e-01
2.2486e+00 -5.3265e-01
2.2482e+00 -5.2794e-01
2.2479e+00 -5.2323e-01
2.2476e+00 -5.1852e-01
2.2472e+00 -5.1381e-01
2.2469e+00 -5.0911e-01
2.2466e+00 -5.0440e-01
2.2463e+00 -4.9969e-01
2.2460e+00 -4.9498e-01
2.2458e+00 -4.9028e-01
2.2455e+00 -4.8557e-01
2.2452e+00 -4.8086e-01
2.2450e+00 -4.7616e-01
2.2447e+00 -4.7145e-01
2.2445e+00 -4.6675e-01
2.2443e+00 -4.6204e-01
2.2440e+00 -4.5734e-01
2.2438e+00 -4.5263e-01
2.2436e+00 -4.4793e-01
2.2434e+00 -4.4322e-01
2.2432e+00 -4.3852e-01
2.2430e+00 -4.3381e-01
2.2429e+00 -4.2911e-01
2.2427e+00 -4.2441e-01
2.2425e+00 -4.1970e-01
2.2424e+00 -4.1500e-01
2.2422e+00 -4.1029e-01
2.2421e+00 -4.0559e-01
2.2420e+00 -4.0089e-01
2.2418e+00 -3.9619e-01
2.2417e+00 -3.9148e-01
2.2416e+00 -3.8678e-01
2.2415e+00 -3.8208e-01
2.2414e+00 -3.7737e-01
2.2414e+00 -3.7267e-01
2.2413e+00 -3.6797e-01
2.2412e+00 -3.6327e-01
2.2412e+00 -3.5856e-01
2.2411e+00 -3.5386e-01
2.2411e+00 -3.4916e-01
2.2410e+00 -3.4446e-01
2.2410e+00 -3.3976e-01
2.2410e+00 -3.3505e-01
2.2410e+00 -3.3035e-01
2.2410e+00 -3.2565e-01
2.2410e+00 -3.2095e-01
2.2410e+00 -3.1624e-01
2.2410e+00 -3.1154e-01
2.2411e+00 -3.0684e-01
2.2411e+00 -3.0214e-01
2.2412e+00 -2.9744e-01
2.2412e+00 -2.9273e-01
2.2413e+00 -2.8803e-01
2.2414e+00 -2.8333e-01
2.2414e+00 -2.7863e-01
2.2415e+00 -2.7392e-01
2.2416e+00 -2.6922e-01
2.2417e+00 -2.6452e-01
2.2418e+00 -2.5981e-01
2.2420e+00 -2.5511e-01
2.2421e+00 -2.5041e-01
2.2422e+00 -2.4571e-01
2.2424e+00 -2.4100e-01
2.2425e+00 -2.3630e-01
2.2427e+00 -2.3159e-01
2.2429e+00 -2.2689e-01
2.2430e+00 -2.2219e-01
2.2432e+00 -2.1748e-01
2.2434e+00 -2.1278e-01
2.2436e+00 -2.0807e-01
2.2438e+00 -2.0337e-01
2.2440e+00 -1.9866e-01
2.2443e+00 -1.9396e-01
2.2445e+00 -1.8925e-01
2.2447e+00 -1.8455e-01
2.2450e+00 -1.7984e-01
2.2452e+00 -1.7514e-01
2.2455e+00 -1.7043e-01
2.2458e+00 -1.6572e-01
2.2460e+00 -1.6102e-01
2.2463e+00 -1.5631e-01
2.2466e+00 -1.5160e-01
2.2469e+00 -1.4689e-01
2.2472e+00 -1.4219e-01
2.2476e+00 -1.3748e-01
2.2479e+00 -1.3277e-01
2.2482e+00 -1.2806e-01
2.2486e+00 -1.2335e-01
2.2489e+00 -1.1864e-01
2.2493e+00 -1.1393e-01
2.2496e+00 -1.0922e-01
2.2500e+00 -1.0451e-01
2.2504e+00 -9.9796e-02
2.2508e+00 -9.5084e-02
2.2512e+00 -9.0372e-02
2.2516e+00 -8.5659e-02
2.2520e+00 -8.0946e-02
2.2524e+00 -7.6233e-02
2.2528e+00 -7.1519e-02
2.2533e+00 -6.6804e-02
2.2537e+00 -6.2089e-02
2.2542e+00 -5.7374e-02
2.2546e+00 -5.2658e-02
2.2551e+00 -4.7941e-02
2.2556e+00 -4.3224e-02
2.2561e+00 -3.8507e-02
2.2566e+00 -3.3789e-02
2.2571e+00 -2.9070e-02
2.2576e+00 -2.4351e-02
2.2581e+00 -1.9631e-02
2.2586e+00 -1.4911e-02
2.2591e+00 -1.0190e-02
2.2597e+00 -5.4681e-03
2.2602e+00 -7.4584e-04
2.2608e+00 3.9771e-03
2.2613e+00 8.7007e-03
2.2619e+00 1.3425e-02
2.2625e+00 1.8150e-02
2.2630e+00 2.2875e-02
2.2636e+00 2.7602e-02
2.2642e+00 3.2329e-02
2.2648e+00 3.7057e-02
2.2654e+00 4.1785e-02
2.2661e+00 4.6515e-02
2.2667e+00 5.1245e-02
2.2673e+00 5.5976e-02
2.2680e+00 6.0707e-02
2.2686e+00 6.5440e-02
2.2693e+00 7.0173e-02
2.2699e+00 7.4908e-02
2.2706e+00 7.9643e-02
2.2713e+00 8.4379e-02
2.2720e+00 8.9116e-02
2.2727e+00 9.3854e-02
2.2734e+00 9.8592e-02
2.2741e+00 1.0333e-01
2.2748e+00 1.0807e-01
2.2755e+00 1.1281e-01
2.2763e+00 1.1756e-01
2.2770e+00 1.2230e-01
2.2777e+00 1.2705e-01
2.2785e+00 1.3179e-01
2.2793e+00 1.3654e-01
2.2800e+00 1.4129e-01
2.2808e+00 1.4604e-01
2.2816e+00 1.5079e-01
2.2824e+00 1.5554e-01
2.2832e+00 1.6029e-01
2.2840e+00 1.6504e-01
2.2848e+00 1.6980e-01
2.2856e+00 1.7455e-01
2.2864e+00 1.7931e-01
2.2873e+00 1.8407e-01
2.2881e+00 1.8883e-01
2.2889e+00 1.9359e-01
2.2898e+00 1.9835e-01
2.2907e+00 2.0312e-01
2.2915e+00 2.0788e-01
2.2924e+00 2.1265e-01
2.2933e+00 2.1742e-01
2.2942e+00 2.2219e-01
2.2951e+00 2.2696e-01
2.2960e+00 2.3173e-01
2.2969e+00 2.3650e-01
2.2978e+00 2.4128e-01
2.2987e+00 2.4605e-01
2.2996e+00 2.5083e-01
2.3006e+00 2.5561e-01
2.3015e+00 2.6039e-01
2.3025e+00 2.6518e-01
2.3034e+00 2.6996e-01
2.3044e+00 2.7475e-01
2.3054e+00 2.7954e-01
2.3063e+00 2.8433e-01
2.3073e+00 2.8912e-01
2.3083e+00 2.9391e-01
2.3093e+00 2.9871e-01
2.3103e+00 3.0351e-01
2.3113e+00 3.0830e-01
2.3123e+00 3.1311e-01
2.3134e+00 3.1791e-01
2.3144e+00 3.2271e-01
2.3154e+00 3.2752e-01
2.3165e+00 3.3233e-01
2.3175e+00 3.3714e-01
2.3186e+00 3.4195e-01
2.3196e+00 3.4677e-01
2.3207e+00 3.5159e-01
2.3218e+00 3.5640e-01
2.3229e+00 3.6123e-01
2.3240e+00 3.6605e-01
2.3251e+00 3.7088e-01
2.3262e+00 3.7570e-01
2.3273e+00 3.8054e-01
2.3284e+00 3.8537e-01
2.3295e+00 3.9020e-01
2.3306e+00 3.9504e-01
2.3317e+00 3.9988e-01
2.3329e+00 4.0472e-01
2.3340e+00 4.0957e-01
2.3352e+00 4.1442e-01
2.3363e+00 4.1927e-01
2.3375e+00 4.2412e-01
2.3387e+00 4.2898e-01
2.3398e+00 4.3383e-01
2.3410e+00 4.3869e-01
2.3422e+00 4.4356e-01
2.3434e+00 4.4842e-01
2.3446e+00 4.5329e-01
2.3458e+00 4.5817e-01
2.3470e+00 4.6304e-01
2.3482e+00 4.6792e-01
2.3494e+00 4.7280e-01
2.3507e+00 4.7768e-01
2.3519e+00 4.8257e-01
2.3531e+00 4.8746e-01
2.3544e+00 4.9236e-01
2.3556e+00 4.9725e-01
2.3569e+00 5.0215e-01
2.3582e+00 5.0705e-01
2.3594e+00 5.1196e-01
2.3607e+00 5.1687e-01
2.3620e+00 5.2178e-01
2.3633e+00 5.2670e-01
2.3645e+00 5.3162e-01
2.3658e+00 5.3654e-01
2.3671e+00 5.4147e-01
2.3684e+00 5.4640e-01
2.3698e+00 5.5134e-01
2.3711e+00 5.5628e-01
2.3724e+00 5.6122e-01
2.3737e+00 5.6616e-01
2.3751e+00 5.7111e-01
2.3764e+00 5.7607e-01
2.3777e+00 5.8103e-01
2.3791e+00 5.8599e-01
2.3804e+00 5.9095e-01
2.3818e+00 5.9592e-01
2.3832e+00 6.0090e-01
2.3845e+00 6.0587e-01
2.3859e+00 6.1086e-01
2.3873e+00 6.1584e-01
2.3887e+00 6.2084e-01
2.3901e+00 6.2583e-01
2.3914e+00 6.3083e-01
2.3928e+00 6.3584e-01
2.3942e+00 6.4085e-01
2.3957e+00 6.4586e-01
2.3971e+00 6.5088e-01
2.3985e+00 6.5590e-01
2.3999e+00 6.6093e-01
2.4013e+00 6.6596e-01
2.4028e+00 6.7100e-01
2.4042e+00 6.7605e-01
2.4056e+00 6.8109e-01
2.4071e+00 6.8615e-01
2.4085e+00 6.9121e-01
2.4100e+00 6.9627e-01
2.4115e+00 7.0134e-01
2.4129e+00 7.0641e-01
2.4144e+00 7.1149e-01
2.4159e+00 7.1658e-01
2.4173e+00 7.2167e-01
2.4188e+00 7.2677e-01
2.4203e+00 7.3187e-01
2.4218e+00 7.3698e-01
2.4233e+00 7.4209e-01
2.4248e+00 7.4721e-01
2.4263e+00 7.5234e-01
2.4278e+00 7.5747e-01
2.4293e+00 7.6261e-01
2.4308e+00 7.6775e-01
2.4323e+00 7.7291e-01
2.4339e+00 7.7806e-01
2.4354e+00 7.8323e-01
2.4369e+00 7.8840e-01
2.4385e+00 7.9357e-01
2.4400e+00 7.9876e-01
2.4415e+00 8.0395e-01
2.4431e+00 8.0914e-01
2.4446e+00 8.1435e-01
2.4462e+00 8.1956e-01
2.4477e+00 8.2478e-01
2.4493e+00 8.3000e-01
2.4509e+00 8.3523e-01
2.4524e+00 8.4047e-01
2.4540e+00 8.4572e-01
2.4556e+00 8.5098e-01
2.4572e+00 8.5624e-01
2.4587e+00 8.6151e-01
2.4603e+00 8.6679e-01
2.4619e+00 8.7207e-01
2.4635e+00 8.7736e-01
2.4651e+00 8.8267e-01
2.4667e+00 8.8797e-01
2.4683e+00 8.9329e-01
2.4699e+00 8.9862e-01
2.4715e+00 9.0395e-01
2.4731e+00 9.0930e-01
2.4747e+00 9.1465e-01
2.4763e+00 9.2001e-01
2.4780e+00 9.2538e-01
2.4796e+00 9.3075e-01
2.4812e+00 9.3614e-01
2.4828e+00 9.4153e-01
2.4845e+00 9.4694e-01
2.4861e+00 9.5235e-01
2.4877e+00 9.5778e-01
2.4894e+00 9.6321e-01
2.4910e+00 9.6865e-01
2.4927e+00 9.7410e-01
2.4943e+00 9.7957e-01
2.4959e+00 9.8504e-01
2.4976e+00 9.9052e-01
2.4992e+00 9.9601e-01
2.5009e+00 1.0015e+00
2.5026e+00 1.0070e+00
2.5042e+00 1.0125e+00
2.5059e+00 1.0181e+00
2.5075e+00 1.0236e+00
2.5092e+00 1.0292e+00
2.5109e+00 1.0347e+00
2.5125e+00 1.0403e+00
2.5142e+00 1.0459e+00
2.5159e+00 1.0515e+00
2.5176e+00 1.0571e+00
2.5192e+00 1.0627e+00
2.5209e+00 1.0684e+00
2.5226e+00 1.0740e+00
2.5243e+00 1.0797e+00
2.5260e+00 1.0854e+00
2.5277e+00 1.0910e+00
2.5293e+00 1.0967e+00
2.5310e+00 1.1024e+00
2.5327e+00 1.1082e+00
2.5344e+00 1.1139e+00
2.5361e+00 1.1196e+00
2.5378e+00 1.1254e+00
2.5395e+00 1.1312e+00
2.5412e+00 1.1369e+00
2.5429e+00 1.1427e+00
2.5446e+00 1.1486e+00
2.5463e+00 1.1544e+00
2.5480e+00 1.1602e+00
2.5497e+00 1.1661e+00
2.5514e+00 1.1719e+00
2.5531e+00 1.1778e+00
2.5548e+00 1.1837e+00
2.5565e+00 1.1896e+00
2.5582e+00 1.1955e+00
2.5599e+00 1.2015e+00
2.5616e+00 1.2074e+00
2.5633e+00 1.2134e+00
