2.1530e+00 2.8680e+00
2.1530e+00 2.8686e+00
2.1530e+00 2.8691e+00
2.1530e+00 2.8697e+00
2.1530e+00 2.8703e+00
2.1530e+00 2.8708e+00
2.1529e+00 2.8714e+00
2.1529e+00 2.8719e+00
2.1529e+00 2.8725e+00
2.1529e+00 2.8731e+00
2.1528e+00 2.8736e+00
2.1528e+00 2.8742e+00
2.1528e+00 2.8748e+00
2.1527e+00 2.8753e+00
2.1527e+00 2.8759e+00
2.1527e+00 2.8764e+00
2.1526e+00 2.8770e+00
2.1526e+00 2.8776e+00
2.1525e+00 2.8781e+00
2.1524e+00 2.8787e+00
2.1524e+00 2.8793e+00
2.1523e+00 2.8798e+00
2.1523e+00 2.8804e+00
2.1522e+00 2.8809e+00
2.1521e+00 2.8815e+00
2.1520e+00 2.8820e+00
2.1520e+00 2.8826e+00
2.1519e+00 2.8832e+00
2.1518e+00 2.8837e+00
2.1517e+00 2.8843e+00
2.1516e+00 2.8848e+00
2.1515e+00 2.8854e+00
2.1514e+00 2.8859e+00
2.1513e+00 2.8865e+00
2.1512e+00 2.8870e+00
2.1511e+00 2.8876e+00
2.1510e+00 2.8881e+00
2.1509e+00 2.8887e+00
2.1508e+00 2.8892e+00
2.1507e+00 2.8898e+00
2.1505e+00 2.8903e+00
2.1504e+00 2.8908e+00
2.1503e+00 2.8914e+00
2.1502e+00 2.8919e+00
2.1500e+00 2.8925e+00
2.1499e+00 2.8930e+00
2.1497e+00 2.8935e+00
2.1496e+00 2.8941e+00
2.1495e+00 2.8946e+00
2.1493e+00 2.8951e+00
2.1492e+00 2.8957e+00
2.1490e+00 2.8962e+00
2.1488e+00 2.8967e+00
2.1487e+00 2.8973e+00
2.1485e+00 2.8978e+00
2.1484e+00 2.8983e+00
2.1482e+00 2.8989e+00
2.1480e+00 2.8994e+00
2.1478e+00 2.8999e+00
2.1477e+00 2.9004e+00
2.1475e+00 2.9009e+00
2.1473e+00 2.9015e+00
2.1471e+00 2.9020e+00
2.1469e+00 2.9025e+00
2.1467e+00 2.9030e+00
2.1466e+00 2.9035e+00
2.1464e+00 2.9040e+00
2.1462e+00 2.9045e+00
2.1460e+00 2.9050e+00
2.1457e+00 2.9056e+00
2.1455e+00 2.9061e+00
2.1453e+00 2.9066e+00
2.1451e+00 2.9071e+00
2.1449e+00 2.9076e+00
2.1447e+00 2.9081e+00
2.1445e+00 2.9085e+00
2.1442e+00 2.9090e+00
2.1440e+00 2.9095e+00
2.1438e+00 2.9100e+00
2.1435e+00 2.9105e+00
2.1433e+00 2.9110e+00
2.1431e+00 2.9115e+00
2.1428e+00 2.9120e+00
2.1426e+00 2.9124e+00
2.1423e+00 2.9129e+00
2.1421e+00 2.9134e+00
2.1418e+00 2.9139e+00
2.1416e+00 2.9143e+00
2.1413e+00 2.9148e+00
2.1411e+00 2.9153e+00
2.1408e+00 2.9158e+00
2.1406e+00 2.9162e+00
2.1403e+00 2.9167e+00
2.1400e+00 2.9171e+00
2.1397e+00 2.9176e+00
2.1395e+00 2.9180e+00
2.1392e+00 2.9185e+00
2.1389e+00 2.9190e+00
2.1386e+00 2.9194e+00
2.1384e+00 2.9198e+00
2.1381e+00 2.9203e+00
2.1378e+00 2.9207e+00
2.1375e+00 2.9212e+00
2.1372e+00 2.9216e+00
2.1369e+00 2.9220e+00
2.1366e+00 2.9225e+00
2.1363e+00 2.9229e+00
2.1360e+00 2.9233e+00
2.1357e+00 2.9238e+00
2.1354e+00 2.9242e+00
2.1351e+00 2.9246e+00
2.1348e+00 2.9250e+00
2.1344e+00 2.9254e+00
2.1341e+00 2.9258e+00
2.1338e+00 2.9263e+00
2.1335e+00 2.9267e+00
2.1332e+00 2.9271e+00
2.1328e+00 2.9275e+00
2.1325e+00 2.9279e+00
2.1322e+00 2.9283e+00
2.1319e+00 2.9287e+00
2.1315e+00 2.9291e+00
2.1312e+00 2.9294e+00
2.1308e+00 2.9298e+00
2.1305e+00 2.9302e+00
2.1302e+00 2.9306e+00
2.1298e+00 2.9310e+00
2.1295e+00 2.9314e+00
2.1291e+00 2.9317e+00
2.1288e+00 2.9321e+00
2.1284e+00 2.9325e+00
2.1281e+00 2.9328e+00
2.1277e+00 2.9332e+00
2.1273e+00 2.9336e+00
2.1270e+00 2.9339e+00
2.1266e+00 2.9343e+00
2.1263e+00 2.9346e+00
2.1259e+00 2.9350e+00
2.1255e+00 2.9353e+00
2.1251e+00 2.9357e+00
2.1248e+00 2.9360e+00
2.1244e+00 2.9363e+00
2.1240e+00 2.9367e+00
2.1236e+00 2.9370e+00
2.1233e+00 2.9373e+00
2.1229e+00 2.9376e+00
2.1225e+00 2.9380e+00
2.1221e+00 2.9383e+00
2.1217e+00 2.9386e+00
2.1213e+00 2.9389e+00
2.1209e+00 2.9392e+00
2.1206e+00 2.9395e+00
2.1202e+00 2.9398e+00
2.1198e+00 2.9401e+00
2.1194e+00 2.9404e+00
2.1190e+00 2.9407e+00
2.1186e+00 2.9410e+00
2.1182e+00 2.9413e+00
2.1178e+00 2.9416e+00
2.1174e+00 2.9419e+00
2.1170e+00 2.9422e+00
2.1165e+00 2.9424e+00
2.1161e+00 2.9427e+00
2.1157e+00 2.9430e+00
2.1153e+00 2.9432e+00
2.1149e+00 2.9435e+00
2.1145e+00 2.9438e+00
2.1141e+00 2.9440e+00
2.1136e+00 2.9443e+00
2.1132e+00 2.9445e+00
2.1128e+00 2.9448e+00
2.1124e+00 2.9450e+00
2.1120e+00 2.9453e+00
2.1115e+00 2.9455e+00
2.1111e+00 2.9457e+00
2.1107e+00 2.9460e+00
2.1103e+00 2.9462e+00
2.1098e+00 2.9464e+00
2.1094e+00 2.9466e+00
2.1090e+00 2.9468e+00
2.1085e+00 2.9471e+00
2.1081e+00 2.9473e+00
2.1077e+00 2.9475e+00
2.1072e+00 2.9477e+00
2.1068e+00 2.9479e+00
2.1063e+00 2.9481e+00
2.1059e+00 2.9483e+00
2.1055e+00 2.9485e+00
2.1050e+00 2.9487e+00
2.1046e+00 2.9488e+00
2.1041e+00 2.9490e+00
2.1037e+00 2.9492e+00
2.1032e+00 2.9494e+00
2.1028e+00 2.9496e+00
2.1023e+00 2.9497e+00
2.1019e+00 2.9499e+00
2.1014e+00 2.9501e+00
2.1010e+00 2.9502e+00
2.1005e+00 2.9504e+00
2.1001e+00 2.9505e+00
2.0996e+00 2.9507e+00
2.0992e+00 2.9508e+00
2.0987e+00 2.9510e+00
2.0983e+00 2.9511e+00
2.0978e+00 2.9512e+00
2.0974e+00 2.9514e+00
2.0969e+00 2.9515e+00
2.0964e+00 2.9516e+00
2.0960e+00 2.9517e+00
2.0955e+00 2.9518e+00
2.0951e+00 2.9520e+00
2.0946e+00 2.9521e+00
2.0941e+00 2.9522e+00
2.0937e+00 2.9523e+00
2.0932e+00 2.9524e+00
2.0927e+00 2.9525e+00
2.0923e+00 2.9526e+00
2.0918e+00 2.9527e+00
2.0914e+00 2.9528e+00
2.0909e+00 2.9528e+00
2.0904e+00 2.9529e+00
2.0900e+00 2.9530e+00
2.0895e+00 2.9531e+00
2.0890e+00 2.9531e+00
2.0886e+00 2.9532e+00
2.0881e+00 2.9533e+00
2.0876e+00 2.9533e+00
2.0871e+00 2.9534e+00
2.0867e+00 2.9534e+00
2.0862e+00 2.9535e+00
2.0857e+00 2.9535e+00
2.0853e+00 2.9536e+00
2.0848e+00 2.9536e+00
2.0843e+00 2.9537e+00
2.0839e+00 2.9537e+00
2.0834e+00 2.9537e+00
2.0829e+00 2.9537e+00
2.0824e+00 2.9538e+00
2.0820e+00 2.9538e+00
2.0815e+00 2.9538e+00
2.0810e+00 2.9538e+00
2.0806e+00 2.9538e+00
2.0801e+00 2.9538e+00
2.0796e+00 2.9538e+00
2.0791e+00 2.9538e+00
2.0787e+00 2.9538e+00
2.0782e+00 2.9538e+00
2.0777e+00 2.9538e+00
2.0773e+00 2.9538e+00
2.0768e+00 2.9538e+00
2.0763e+00 2.9537e+00
2.0759e+00 2.9537e+00
2.0754e+00 2.9537e+00
2.0749e+00 2.9537e+00
2.0744e+00 2.9536e+00
2.0740e+00 2.9536e+00
2.0735e+00 2.9535e+00
2.0730e+00 2.9535e+00
2.0726e+00 2.9535e+00
2.0721e+00 2.9534e+00
2.0716e+00 2.9533e+00
2.0712e+00 2.9533e+00
2.0707e+00 2.9532e+00
2.0702e+00 2.9532e+00
2.0698e+00 2.9531e+00
2.0693e+00 2.9530e+00
2.0688e+00 2.9529e+00
2.0684e+00 2.9529e+00
2.0679e+00 2.9528e+00
2.0674e+00 2.9527e+00
2.0670e+00 2.9526e+00
2.0665e+00 2.9525e+00
2.0660e+00 2.9524e+00
2.0656e+00 2.9523e+00
2.0651e+00 2.9522e+00
2.0646e+00 2.9521e+00
2.0642e+00 2.9520e+00
2.0637e+00 2.9519e+00
2.0633e+00 2.9518e+00
2.0628e+00 2.9517e+00
2.0623e+00 2.9516e+00
2.0619e+00 2.9514e+00
2.0614e+00 2.9513e+00
2.0610e+00 2.9512e+00
2.0605e+00 2.9510e+00
2.0600e+00 2.9509e+00
2.0596e+00 2.9508e+00
2.0591e+00 2.9506e+00
2.0587e+00 2.9505e+00
2.0582e+00 2.9503e+00
2.0578e+00 2.9502e+00
2.0573e+00 2.9500e+00
2.0569e+00 2.9499e+00
2.0564e+00 2.9497e+00
2.0560e+00 2.9495e+00
2.0555e+00 2.9494e+00
2.0551e+00 2.9492e+00
2.0546e+00 2.9490e+00
2.0542e+00 2.9488e+00
2.0538e+00 2.9487e+00
2.0533e+00 2.9485e+00
2.0529e+00 2.9483e+00
2.0524e+00 2.9481e+00
2.0520e+00 2.9479e+00
2.0516e+00 2.9477e+00
2.0511e+00 2.9475e+00
2.0507e+00 2.9473e+00
2.0502e+00 2.9471e+00
2.0498e+00 2.9469e+00
2.0494e+00 2.9467e+00
2.0489e+00 2.9465e+00
2.0485e+00 2.9463e+00
2.0481e+00 2.9461e+00
2.0477e+00 2.9458e+00
2.0472e+00 2.9456e+00
2.0468e+00 2.9454e+00
2.0464e+00 2.9451e+00
2.0460e+00 2.9449e+00
2.0455e+00 2.9447e+00
2.0451e+00 2.9444e+00
2.0447e+00 2.9442e+00
2.0443e+00 2.9440e+00
2.0439e+00 2.9437e+00
2.0435e+00 2.9435e+00
2.0430e+00 2.9432e+00
2.0426e+00 2.9429e+00
2.0422e+00 2.9427e+00
2.0418e+00 2.9424e+00
2.0414e+00 2.9422e+00
2.0410e+00 2.9419e+00
2.0406e+00 2.9416e+00
2.0402e+00 2.9413e+00
2.0398e+00 2.9411e+00
2.0394e+00 2.9408e+00
2.0390e+00 2.9405e+00
2.0386e+00 2.9402e+00
2.0382e+00 2.9399e+00
2.0378e+00 2.9397e+00
2.0374e+00 2.9394e+00
2.0370e+00 2.9391e+00
2.0366e+00 2.9388e+00
2.0362e+00 2.9385e+00
2.0358e+00 2.9382e+00
2.0355e+00 2.9379e+00
2.0351e+00 2.9376e+00
2.0347e+00 2.9372e+00
2.0343e+00 2.9369e+00
2.0339e+00 2.9366e+00
2.0336e+00 2.9363e+00
2.0332e+00 2.9360e+00
2.0328e+00 2.9357e+00
2.0324e+00 2.9353e+00
2.0321e+00 2.9350e+00
2.0317e+00 2.9347e+00
2.0313e+00 2.9343e+00
2.0310e+00 2.9340e+00
2.0306e+00 2.9337e+00
2.0303e+00 2.9333e+00
2.0299e+00 2.9330e+00
2.0295e+00 2.9327e+00
2.0292e+00 2.9323e+00
2.0288e+00 2.9320e+00
2.0285e+00 2.9316e+00
2.0281e+00 2.9313e+00
2.0278e+00 2.9309e+00
2.0274e+00 2.9305e+00
2.0271e+00 2.9302e+00
2.0268e+00 2.9298e+00
2.0264e+00 2.9294e+00
2.0261e+00 2.9291e+00
2.0258e+00 2.9287e+00
2.0254e+00 2.9283e+00
2.0251e+00 2.9280e+00
2.0248e+00 2.9276e+00
2.0244e+00 2.9272e+00
2.0241e+00 2.9268e+00
2.0238e+00 2.9264e+00
2.0235e+00 2.9261e+00
2.0232e+00 2.9257e+00
2.0228e+00 2.9253e+00
2.0225e+00 2.9249e+00
2.0222e+00 2.9245e+00
2.0219e+00 2.9241e+00
2.0216e+00 2.9237e+00
2.0213e+00 2.9233e+00
2.0210e+00 2.9229e+00
2.0207e+00 2.9225e+00
2.0204e+00 2.9221e+00
2.0201e+00 2.9217e+00
2.0198e+00 2.9213e+00
2.0195e+00 2.9209e+00
2.0192e+00 2.9205e+00
2.0189e+00 2.9200e+00
2.0186e+00 2.9196e+00
2.0184e+00 2.9192e+00
2.0181e+00 2.9188e+00
2.0178e+00 2.9184e+00
2.0175e+00 2.9179e+00
2.0173e+00 2.9175e+00
2.0170e+00 2.9171e+00
2.0167e+00 2.9167e+00
2.0164e+00 2.9162e+00
2.0162e+00 2.9158e+00
2.0159e+00 2.9154e+00
2.0157e+00 2.9149e+00
2.0154e+00 2.9145e+00
2.0152e+00 2.9141e+00
2.0149e+00 2.9136e+00
2.0146e+00 2.9132e+00
2.0144e+00 2.9127e+00
2.0142e+00 2.9123e+00
2.0139e+00 2.9118e+00
2.0137e+00 2.9114e+00
2.0134e+00 2.9109e+00
2.0132e+00 2.9105e+00
2.0130e+00 2.9100e+00
2.0127e+00 2.9096e+00
2.0125e+00 2.9091e+00
2.0123e+00 2.9087e+00
2.0121e+00 2.9082e+00
2.0118e+00 2.9077e+00
2.0116e+00 2.9073e+00
2.0114e+00 2.9068e+00
2.0112e+00 2.9063e+00
2.0110e+00 2.9059e+00
2.0108e+00 2.9054e+00
2.0106e+00 2.9049e+00
2.0104e+00 2.9045e+00
2.0102e+00 2.9040e+00
2.0100e+00 2.9035e+00
2.0098e+00 2.9031e+00
2.0096e+00 2.9026e+00
2.0094e+00 2.9021e+00
2.0092e+00 2.9016e+00
2.0090e+00 2.9011e+00
2.0089e+00 2.9007e+00
2.0087e+00 2.9002e+00
2.0085e+00 2.8997e+00
2.0083e+00 2.8992e+00
2.0082e+00 2.8987e+00
2.0080e+00 2.8982e+00
2.0078e+00 2.8978e+00
2.0077e+00 2.8973e+00
2.0075e+00 2.8968e+00
2.0074e+00 2.8963e+00
2.0072e+00 2.8958e+00
2.0070e+00 2.8953e+00
2.0069e+00 2.8948e+00
2.0068e+00 2.8943e+00
2.0066e+00 2.8938e+00
2.0065e+00 2.8933e+00
2.0063e+00 2.8928e+00
2.0062e+00 2.8923e+00
2.0061e+00 2.8918e+00
2.0059e+00 2.8913e+00
2.0058e+00 2.8908e+00
2.0057e+00 2.8903e+00
2.0056e+00 2.8898e+00
2.0054e+00 2.8893e+00
2.0053e+00 2.8888e+00
2.0052e+00 2.8883e+00
2.0051e+00 2.8878e+00
2.0050e+00 2.8873e+00
2.0049e+00 2.8868e+00
2.0048e+00 2.8863e+00
2.0047e+00 2.8858e+00
2.0046e+00 2.8853e+00
2.0045e+00 2.8848e+00
2.0044e+00 2.8843e+00
2.0043e+00 2.8837e+00
2.0042e+00 2.8832e+00
2.0042e+00 2.8827e+00
2.0041e+00 2.8822e+00
2.0040e+00 2.8817e+00
2.0039e+00 2.8812e+00
2.0039e+00 2.8807e+00
2.0038e+00 2.8802e+00
2.0037e+00 2.8796e+00
2.0037e+00 2.8791e+00
2.0036e+00 2.8786e+00
2.0035e+00 2.8781e+00
2.0035e+00 2.8776e+00
2.0034e+00 2.8771e+00
2.0034e+00 2.8765e+00
2.0033e+00 2.8760e+00
2.0033e+00 2.8755e+00
2.0033e+00 2.8750e+00
2.0032e+00 2.8745e+00
2.0032e+00 2.8740e+00
2.0032e+00 2.8734e+00
2.0031e+00 2.8729e+00
2.0031e+00 2.8724e+00
2.0031e+00 2.8719e+00
2.0031e+00 2.8714e+00
2.0030e+00 2.8709e+00
2.0030e+00 2.8703e+00
2.0030e+00 2.8698e+00
2.0030e+00 2.8693e+00
2.0030e+00 2.8688e+00
2.0030e+00 2.8683e+00
2.0030e+00 2.8677e+00
2.0030e+00 2.8672e+00
2.0030e+00 2.8667e+00
2.0030e+00 2.8662e+00
2.0030e+00 2.8657e+00
2.0030e+00 2.8651e+00
2.0031e+00 2.8646e+00
2.0031e+00 2.8641e+00
2.0031e+00 2.8636e+00
2.0031e+00 2.8631e+00
2.0032e+00 2.8626e+00
2.0032e+00 2.8620e+00
2.0032e+00 2.8615e+00
2.0033e+00 2.8610e+00
2.0033e+00 2.8605e+00
2.0033e+00 2.8600e+00
2.0034e+00 2.8595e+00
2.0034e+00 2.8589e+00
2.0035e+00 2.8584e+00
2.0035e+00 2.8579e+00
2.0036e+00 2.8574e+00
2.0037e+00 2.8569e+00
2.0037e+00 2.8564e+00
2.0038e+00 2.8558e+00
2.0039e+00 2.8553e+00
2.0039e+00 2.8548e+00
2.0040e+00 2.8543e+00
2.0041e+00 2.8538e+00
2.0042e+00 2.8533e+00
2.0042e+00 2.8528e+00
2.0043e+00 2.8523e+00
2.0044e+00 2.8517e+00
2.0045e+00 2.8512e+00
2.0046e+00 2.8507e+00
2.0047e+00 2.8502e+00
2.0048e+00 2.8497e+00
2.0049e+00 2.8492e+00
2.0050e+00 2.8487e+00
2.0051e+00 2.8482e+00
2.0052e+00 2.8477e+00
2.0053e+00 2.8472e+00
2.0054e+00 2.8467e+00
2.0056e+00 2.8462e+00
2.0057e+00 2.8457e+00
2.0058e+00 2.8452e+00
2.0059e+00 2.8447e+00
2.0061e+00 2.8442e+00
2.0062e+00 2.8437e+00
2.0063e+00 2.8432e+00
2.0065e+00 2.8427e+00
2.0066e+00 2.8422e+00
2.0068e+00 2.8417e+00
2.0069e+00 2.8412e+00
2.0070e+00 2.8407e+00
2.0072e+00 2.8402e+00
2.0074e+00 2.8397e+00
2.0075e+00 2.8392e+00
2.0077e+00 2.8387e+00
2.0078e+00 2.8382e+00
2.0080e+00 2.8378e+00
2.0082e+00 2.8373e+00
2.0083e+00 2.8368e+00
2.0085e+00 2.8363e+00
2.0087e+00 2.8358e+00
2.0089e+00 2.8353e+00
2.0090e+00 2.8349e+00
2.0092e+00 2.8344e+00
2.0094e+00 2.8339e+00
2.0096e+00 2.8334e+00
2.0098e+00 2.8329e+00
2.0100e+00 2.8325e+00
2.0102e+00 2.8320e+00
2.0104e+00 2.8315e+00
2.0106e+00 2.8311e+00
2.0108e+00 2.8306e+00
2.0110e+00 2.8301e+00
2.0112e+00 2.8297e+00
2.0114e+00 2.8292e+00
2.0116e+00 2.8287e+00
2.0118e+00 2.8283e+00
2.0121e+00 2.8278e+00
2.0123e+00 2.8273e+00
2.0125e+00 2.8269e+00
2.0127e+00 2.8264e+00
2.0130e+00 2.8260e+00
2.0132e+00 2.8255e+00
2.0134e+00 2.8251e+00
2.0137e+00 2.8246e+00
2.0139e+00 2.8242e+00
2.0142e+00 2.8237e+00
2.0144e+00 2.8233e+00
2.0146e+00 2.8228e+00
2.0149e+00 2.8224e+00
2.0152e+00 2.8219e+00
2.0154e+00 2.8215e+00
2.0157e+00 2.8211e+00
2.0159e+00 2.8206e+00
2.0162e+00 2.8202e+00
2.0164e+00 2.8198e+00
2.0167e+00 2.8193e+00
2.0170e+00 2.8189e+00
2.0173e+00 2.8185e+00
2.0175e+00 2.8181e+00
2.0178e+00 2.8176e+00
2.0181e+00 2.8172e+00
2.0184e+00 2.8168e+00
2.0186e+00 2.8164e+00
2.0189e+00 2.8160e+00
2.0192e+00 2.8155e+00
2.0195e+00 2.8151e+00
2.0198e+00 2.8147e+00
2.0201e+00 2.8143e+00
2.0204e+00 2.8139e+00
2.0207e+00 2.8135e+00
2.0210e+00 2.8131e+00
2.0213e+00 2.8127e+00
2.0216e+00 2.8123e+00
2.0219e+00 2.8119e+00
2.0222e+00 2.8115e+00
2.0225e+00 2.8111e+00
2.0228e+00 2.8107e+00
2.0232e+00 2.8103e+00
2.0235e+00 2.8099e+00
2.0238e+00 2.8096e+00
2.0241e+00 2.8092e+00
2.0244e+00 2.8088e+00
2.0248e+00 2.8084e+00
2.0251e+00 2.8080e+00
2.0254e+00 2.8077e+00
2.0258e+00 2.8073e+00
2.0261e+00 2.8069e+00
2.0264e+00 2.8066e+00
2.0268e+00 2.8062e+00
2.0271e+00 2.8058e+00
2.0274e+00 2.8055e+00
2.0278e+00 2.8051e+00
2.0281e+00 2.8047e+00
2.0285e+00 2.8044e+00
2.0288e+00 2.8040e+00
2.0292e+00 2.8037e+00
2.0295e+00 2.8033e+00
2.0299e+00 2.8030e+00
2.0303e+00 2.8027e+00
2.0306e+00 2.8023e+00
2.0310e+00 2.8020e+00
2.0313e+00 2.8017e+00
2.0317e+00 2.8013e+00
2.0321e+00 2.8010e+00
2.0324e+00 2.8007e+00
2.0328e+00 2.8003e+00
2.0332e+00 2.8000e+00
2.0336e+00 2.7997e+00
2.0339e+00 2.7994e+00
2.0343e+00 2.7991e+00
2.0347e+00 2.7988e+00
2.0351e+00 2.7984e+00
2.0355e+00 2.7981e+00
2.0358e+00 2.7978e+00
2.0362e+00 2.7975e+00
2.0366e+00 2.7972e+00
2.0370e+00 2.7969e+00
2.0374e+00 2.7966e+00
2.0378e+00 2.7963e+00
2.0382e+00 2.7961e+00
2.0386e+00 2.7958e+00
2.0390e+00 2.7955e+00
2.0394e+00 2.7952e+00
2.0398e+00 2.7949e+00
2.0402e+00 2.7947e+00
2.0406e+00 2.7944e+00
2.0410e+00 2.7941e+00
2.0414e+00 2.7938e+00
2.0418e+00 2.7936e+00
2.0422e+00 2.7933e+00
2.0426e+00 2.7931e+00
2.0430e+00 2.7928e+00
2.0435e+00 2.7925e+00
2.0439e+00 2.7923e+00
2.0443e+00 2.7920e+00
2.0447e+00 2.7918e+00
2.0451e+00 2.7916e+00
2.0455e+00 2.7913e+00
2.0460e+00 2.7911e+00
2.0464e+00 2.7909e+00
2.0468e+00 2.7906e+00
2.0472e+00 2.7904e+00
2.0477e+00 2.7902e+00
2.0481e+00 2.7899e+00
2.0485e+00 2.7897e+00
2.0489e+00 2.7895e+00
2.0494e+00 2.7893e+00
2.0498e+00 2.7891e+00
2.0502e+00 2.7889e+00
2.0507e+00 2.7887e+00
2.0511e+00 2.7885e+00
2.0516e+00 2.7883e+00
2.0520e+00 2.7881e+00
2.0524e+00 2.7879e+00
2.0529e+00 2.7877e+00
2.0533e+00 2.7875e+00
2.0538e+00 2.7873e+00
2.0542e+00 2.7872e+00
2.0546e+00 2.7870e+00
2.0551e+00 2.7868e+00
2.0555e+00 2.7866e+00
2.0560e+00 2.7865e+00
2.0564e+00 2.7863e+00
2.0569e+00 2.7861e+00
2.0573e+00 2.7860e+00
2.0578e+00 2.7858e+00
2.0582e+00 2.7857e+00
2.0587e+00 2.7855e+00
2.0591e+00 2.7854e+00
2.0596e+00 2.7852e+00
2.0600e+00 2.7851e+00
2.0605e+00 2.7850e+00
2.0610e+00 2.7848e+00
2.0614e+00 2.7847e+00
2.0619e+00 2.7846e+00
2.0623e+00 2.7844e+00
2.0628e+00 2.7843e+00
2.0633e+00 2.7842e+00
2.0637e+00 2.7841e+00
2.0642e+00 2.7840e+00
2.0646e+00 2.7839e+00
2.0651e+00 2.7838e+00
2.0656e+00 2.7837e+00
2.0660e+00 2.7836e+00
2.0665e+00 2.7835e+00
2.0670e+00 2.7834e+00
2.0674e+00 2.7833e+00
2.0679e+00 2.7832e+00
2.0684e+00 2.7831e+00
2.0688e+00 2.7831e+00
2.0693e+00 2.7830e+00
2.0698e+00 2.7829e+00
2.0702e+00 2.7828e+00
2.0707e+00 2.7828e+00
2.0712e+00 2.7827e+00
2.0716e+00 2.7827e+00
2.0721e+00 2.7826e+00
2.0726e+00 2.7825e+00
2.0730e+00 2.7825e+00
2.0735e+00 2.7825e+00
2.0740e+00 2.7824e+00
2.0744e+00 2.7824e+00
2.0749e+00 2.7823e+00
2.0754e+00 2.7823e+00
2.0759e+00 2.7823e+00
2.0763e+00 2.7823e+00
2.0768e+00 2.7822e+00
2.0773e+00 2.7822e+00
2.0777e+00 2.7822e+00
2.0782e+00 2.7822e+00
2.0787e+00 2.7822e+00
2.0791e+00 2.7822e+00
2.0796e+00 2.7822e+00
2.0801e+00 2.7822e+00
2.0806e+00 2.7822e+00
2.0810e+00 2.7822e+00
2.0815e+00 2.7822e+00
2.0820e+00 2.7822e+00
2.0824e+00 2.7822e+00
2.0829e+00 2.7823e+00
2.0834e+00 2.7823e+00
2.0839e+00 2.7823e+00
2.0843e+00 2.7823e+00
2.0848e+00 2.7824e+00
2.0853e+00 2.7824e+00
2.0857e+00 2.7825e+00
2.0862e+00 2.7825e+00
2.0867e+00 2.7826e+00
2.0871e+00 2.7826e+00
2.0876e+00 2.7827e+00
2.0881e+00 2.7827e+00
2.0886e+00 2.7828e+00
2.0890e+00 2.7829e+00
2.0895e+00 2.7829e+00
2.0900e+00 2.7830e+00
2.0904e+00 2.7831e+00
2.0909e+00 2.7832e+00
2.0914e+00 2.7832e+00
2.0918e+00 2.7833e+00
2.0923e+00 2.7834e+00
2.0927e+00 2.7835e+00
2.0932e+00 2.7836e+00
2.0937e+00 2.7837e+00
2.0941e+00 2.7838e+00
2.0946e+00 2.7839e+00
2.0951e+00 2.7840e+00
2.0955e+00 2.7842e+00
2.0960e+00 2.7843e+00
2.0964e+00 2.7844e+00
2.0969e+00 2.7845e+00
2.0974e+00 2.7846e+00
2.0978e+00 2.7848e+00
2.0983e+00 2.7849e+00
2.0987e+00 2.7850e+00
2.0992e+00 2.7852e+00
2.0996e+00 2.7853e+00
2.1001e+00 2.7855e+00
2.1005e+00 2.7856e+00
2.1010e+00 2.7858e+00
2.1014e+00 2.7859e+00
2.1019e+00 2.7861e+00
2.1023e+00 2.7863e+00
2.1028e+00 2.7864e+00
2.1032e+00 2.7866e+00
2.1037e+00 2.7868e+00
2.1041e+00 2.7870e+00
2.1046e+00 2.7872e+00
2.1050e+00 2.7873e+00
2.1055e+00 2.7875e+00
2.1059e+00 2.7877e+00
2.1063e+00 2.7879e+00
2.1068e+00 2.7881e+00
2.1072e+00 2.7883e+00
2.1077e+00 2.7885e+00
2.1081e+00 2.7887e+00
2.1085e+00 2.7889e+00
2.1090e+00 2.7892e+00
2.1094e+00 2.7894e+00
2.1098e+00 2.7896e+00
2.1103e+00 2.7898e+00
2.1107e+00 2.7900e+00
2.1111e+00 2.7903e+00
2.1115e+00 2.7905e+00
2.1120e+00 2.7907e+00
2.1124e+00 2.7910e+00
2.1128e+00 2.7912e+00
2.1132e+00 2.7915e+00
2.1136e+00 2.7917e+00
2.1141e+00 2.7920e+00
2.1145e+00 2.7922e+00
2.1149e+00 2.7925e+00
2.1153e+00 2.7928e+00
2.1157e+00 2.7930e+00
2.1161e+00 2.7933e+00
2.1165e+00 2.7936e+00
2.1170e+00 2.7938e+00
2.1174e+00 2.7941e+00
2.1178e+00 2.7944e+00
2.1182e+00 2.7947e+00
2.1186e+00 2.7950e+00
2.1190e+00 2.7953e+00
2.1194e+00 2.7956e+00
2.1198e+00 2.7959e+00
2.1202e+00 2.7962e+00
2.1206e+00 2.7965e+00
2.1209e+00 2.7968e+00
2.1213e+00 2.7971e+00
2.1217e+00 2.7974e+00
2.1221e+00 2.7977e+00
2.1225e+00 2.7980e+00
2.1229e+00 2.7984e+00
2.1233e+00 2.7987e+00
2.1236e+00 2.7990e+00
2.1240e+00 2.7993e+00
2.1244e+00 2.7997e+00
2.1248e+00 2.8000e+00
2.1251e+00 2.8003e+00
2.1255e+00 2.8007e+00
2.1259e+00 2.8010e+00
2.1263e+00 2.8014e+00
2.1266e+00 2.8017e+00
2.1270e+00 2.8021e+00
2.1273e+00 2.8024e+00
2.1277e+00 2.8028e+00
2.1281e+00 2.8032e+00
2.1284e+00 2.8035e+00
2.1288e+00 2.8039e+00
2.1291e+00 2.8043e+00
2.1295e+00 2.8046e+00
2.1298e+00 2.8050e+00
2.1302e+00 2.8054e+00
2.1305e+00 2.8058e+00
2.1308e+00 2.8062e+00
2.1312e+00 2.8066e+00
2.1315e+00 2.8069e+00
2.1319e+00 2.8073e+00
2.1322e+00 2.8077e+00
2.1325e+00 2.8081e+00
2.1328e+00 2.8085e+00
2.1332e+00 2.8089e+00
2.1335e+00 2.8093e+00
2.1338e+00 2.8097e+00
2.1341e+00 2.8102e+00
2.1344e+00 2.8106e+00
2.1348e+00 2.8110e+00
2.1351e+00 2.8114e+00
2.1354e+00 2.8118e+00
2.1357e+00 2.8122e+00
2.1360e+00 2.8127e+00
2.1363e+00 2.8131e+00
2.1366e+00 2.8135e+00
2.1369e+00 2.8140e+00
2.1372e+00 2.8144e+00
2.1375e+00 2.8148e+00
2.1378e+00 2.8153e+00
2.1381e+00 2.8157e+00
2.1384e+00 2.8162e+00
2.1386e+00 2.8166e+00
2.1389e+00 2.8170e+00
2.1392e+00 2.8175e+00
2.1395e+00 2.8180e+00
2.1397e+00 2.8184e+00
2.1400e+00 2.8189e+00
2.1403e+00 2.8193e+00
2.1406e+00 2.8198e+00
2.1408e+00 2.8202e+00
2.1411e+00 2.8207e+00
2.1413e+00 2.8212e+00
2.1416e+00 2.8217e+00
2.1418e+00 2.8221e+00
2.1421e+00 2.8226e+00
2.1423e+00 2.8231e+00
2.1426e+00 2.8236e+00
2.1428e+00 2.8240e+00
2.1431e+00 2.8245e+00
2.1433e+00 2.8250e+00
2.1435e+00 2.8255e+00
2.1438e+00 2.8260e+00
2.1440e+00 2.8265e+00
2.1442e+00 2.8270e+00
2.1445e+00 2.8275e+00
2.1447e+00 2.8279e+00
2.1449e+00 2.8284e+00
2.1451e+00 2.8289e+00
2.1453e+00 2.8294e+00
2.1455e+00 2.8299e+00
2.1457e+00 2.8304e+00
2.1460e+00 2.8310e+00
2.1462e+00 2.8315e+00
2.1464e+00 2.8320e+00
2.1466e+00 2.8325e+00
2.1467e+00 2.8330e+00
2.1469e+00 2.8335e+00
2.1471e+00 2.8340e+00
2.1473e+00 2.8345e+00
2.1475e+00 2.8351e+00
2.1477e+00 2.8356e+00
2.1478e+00 2.8361e+00
2.1480e+00 2.8366e+00
2.1482e+00 2.8371e+00
2.1484e+00 2.8377e+00
2.1485e+00 2.8382e+00
2.1487e+00 2.8387e+00
2.1488e+00 2.8393e+00
2.1490e+00 2.8398e+00
2.1492e+00 2.8403e+00
2.1493e+00 2.8409e+00
2.1495e+00 2.8414e+00
2.1496e+00 2.8419e+00
2.1497e+00 2.8425e+00
2.1499e+00 2.8430e+00
2.1500e+00 2.8435e+00
2.1502e+00 2.8441e+00
2.1503e+00 2.8446e+00
2.1504e+00 2.8452e+00
2.1505e+00 2.8457e+00
2.1507e+00 2.8462e+00
2.1508e+00 2.8468e+00
2.1509e+00 2.8473e+00
2.1510e+00 2.8479e+00
2.1511e+00 2.8484e+00
2.1512e+00 2.8490e+00
2.1513e+00 2.8495e+00
2.1514e+00 2.8501e+00
2.1515e+00 2.8506e+00
2.1516e+00 2.8512e+00
2.1517e+00 2.8517e+00
2.1518e+00 2.8523e+00
2.1519e+00 2.8528e+00
2.1520e+00 2.8534e+00
2.1520e+00 2.8540e+00
2.1521e+00 2.8545e+00
2.1522e+00 2.8551e+00
2.1523e+00 2.8556e+00
2.1523e+00 2.8562e+00
2.1524e+00 2.8567e+00
2.1524e+00 2.8573e+00
2.1525e+00 2.8579e+00
2.1526e+00 2.8584e+00
2.1526e+00 2.8590e+00
2.1527e+00 2.8596e+00
2.1527e+00 2.8601e+00
2.1527e+00 2.8607e+00
2.1528e+00 2.8612e+00
2.1528e+00 2.8618e+00
2.1528e+00 2.8624e+00
2.1529e+00 2.8629e+00
2.1529e+00 2.8635e+00
2.1529e+00 2.8641e+00
2.1529e+00 2.8646e+00
2.1530e+00 2.8652e+00
2.1530e+00 2.8657e+00
2.1530e+00 2.8663e+00
2.1530e+00 2.8669e+00
2.1530e+00 2.8674e+00
2.1530e+00 2.8680e+00
